[gd_scene load_steps=29 format=2]

[ext_resource path="res://scenes/checkpoint.tscn" type="PackedScene" id=1]
[ext_resource path="res://addons/zylann.hterrain/hterrain_texture_set.gd" type="Script" id=2]
[ext_resource path="res://scenes/tree_deserd.tscn" type="PackedScene" id=3]
[ext_resource path="res://scenes/tree_palm.tscn" type="PackedScene" id=4]
[ext_resource path="res://scenes/piramide.tscn" type="PackedScene" id=5]
[ext_resource path="res://scenes/rock_deserd.tscn" type="PackedScene" id=6]
[ext_resource path="res://addons/zylann.hterrain/hterrain.gd" type="Script" id=7]
[ext_resource path="res://scenes/pickup.tscn" type="PackedScene" id=8]
[ext_resource path="res://scenes/pickups.tscn" type="PackedScene" id=9]
[ext_resource path="res://scenes/barrel.tscn" type="PackedScene" id=10]
[ext_resource path="res://scenes/cone.tscn" type="PackedScene" id=11]
[ext_resource path="res://material/sand.tres" type="Material" id=12]
[ext_resource path="res://hterrain_data_deserd/data.hterrain" type="Resource" id=13]
[ext_resource path="res://scenes/arrow_sign.tscn" type="PackedScene" id=14]
[ext_resource path="res://scenes/kaktus.tscn" type="PackedScene" id=15]
[ext_resource path="res://scenes/cactus_big.tscn" type="PackedScene" id=16]
[ext_resource path="res://scenes/boost_pad.tscn" type="PackedScene" id=17]
[ext_resource path="res://scripts/map.gd" type="Script" id=18]
[ext_resource path="res://scenes/map_deset_slot0_albedo_bump.packed_tex" type="Texture" id=19]
[ext_resource path="res://scenes/map_deset_slot0_normal_roughness.packed_tex" type="Texture" id=20]

[sub_resource type="GDScript" id=12]
script/source = "extends StaticBody

func _ready():
	$area.connect(\"body_entered\", self, \"_on_area_body_entered\")

func _on_area_body_entered(body):
	if body.owner == null or not body.owner is Character:
		return
		
	if body.owner.is_in_group(\"Characters\"):
		$body.visible = false
		$collision_shape.disabled = true
		$area/collision_shape.disabled = true
		$particles.emitting = true
		$timer.start()


func _on_timer_timeout():
	queue_free()
"

[sub_resource type="Curve3D" id=13]
_data = {
"points": PoolVector3Array( 0, 0, 0, 0, 0, 0, 0.221375, 0, 0.0325732, 0, 0, 0, 0, 0, 0, 8.80433, 0, -65.3152, 0, 0, 0, 0, 0, 0, 54.5558, 0, -155.616, 0, 0, 0, 0, 0, 0, 149.367, 0, -202.111, 0, 0, 0, 0, 0, 0, 188.308, 0, -168.614, 0, 0, 0, 0, 0, 0, 185.448, 0, -72.4433, 0, 0, 0, 0, 0, 0, 98.5395, 0, -1.96087, 0, 0, 0, 0, 0, 0, 62.9002, 0, 57.1584, 0, 0, 0, 0, 0, 0, 107.764, 0.00531006, 110.827, 0, 0, 0, 0, 0, 0, 124.707, -1.19507e-05, 209.248, 0, 0, 0, 0, 0, 0, -2.14238, 3.30806e-06, 218.269, 0, 0, 0, 0, 0, 0, -89.5666, 0, 236.235, 0, 0, 0, 0, 0, 0, -191.034, 0, 219.045, 0, 0, 0, 0, 0, 0, -208.916, 0, 86.0735, 0, 0, 0, 0, 0, 0, -204.462, 3.30806e-06, -113.072, 0, 0, 0, 0, 0, 0, -121.587, -1.19507e-05, -185.235, 0, 0, 0, 0, 0, 0, -56.7532, 3.30806e-06, -157.046, 0, 0, 0, 0, 0, 0, -121.528, 0, -59.4119, 0, 0, 0, 0, 0, 0, -118.7, -1.19507e-05, 26.5746, 0, 0, 0, 0, 0, 0, -110.243, -1.19507e-05, 143.276, 0, 0, 0, 0, 0, 0, -62.8863, 0.716724, 130.309, 0, 0, 0, 0, 0, 0, -7.08204, 0, 1.47568 ),
"tilts": PoolRealArray( 0, 0, 0, 0, 0, 0, 0, 0, 0, 0, 0, 0, 0, 0, 0, 0, 0, 0, 0, 0, 0, 0 )
}

[sub_resource type="BoxShape" id=14]
extents = Vector3( 254.794, 1, 255.262 )

[sub_resource type="PlaneMesh" id=15]

[sub_resource type="Resource" id=21]
script = ExtResource( 2 )
mode = 0
textures = [ [ ExtResource( 19 ) ], [ ExtResource( 20 ) ] ]

[sub_resource type="BoxShape" id=18]
extents = Vector3( 245.979, 37.1058, 8.4748 )

[sub_resource type="BoxShape" id=19]
extents = Vector3( 258.28, 26.5216, 10.9333 )

[sub_resource type="BoxShape" id=20]
extents = Vector3( 268.352, 40.1062, 7.0359 )

[node name="map_desert" type="Spatial"]
script = ExtResource( 18 )
trails_color = Color( 0.654902, 0.494118, 0.262745, 1 )

[node name="lights" type="Node" parent="."]

[node name="sun" type="DirectionalLight" parent="lights"]
transform = Transform( 0.866025, -0.286788, -0.409576, 0, -0.819152, 0.573577, -0.5, -0.496732, -0.709406, 0, 76, 0 )
light_energy = 1.865
shadow_enabled = true

[node name="sun_2" type="DirectionalLight" parent="lights"]
transform = Transform( -0.739243, 0.386269, 0.551648, 0, -0.819152, 0.573577, 0.673439, 0.424013, 0.605553, 0, 76, 104.289 )
light_color = Color( 1, 0.980392, 0.921569, 1 )

[node name="trees" type="Spatial" parent="."]
transform = Transform( 1, 0, 0, 0, 1, 0, 0, 0, 1, 0, -50, 0 )

[node name="cactus_big" parent="trees" instance=ExtResource( 16 )]
transform = Transform( 1, 0, 0, 0, 1, 0, 0, 0, 1, 109.566, 55.8984, -139.025 )

[node name="cactus_big_2" parent="trees" instance=ExtResource( 16 )]
transform = Transform( -0.941606, 0, -0.336717, 0, 1, 0, 0.336717, 0, -0.941606, 92.3306, 54.0846, -124.674 )

[node name="cactus_big_3" parent="trees" instance=ExtResource( 16 )]
transform = Transform( 0.416297, 0, -0.909229, 0, 1, 0, 0.909229, 0, 0.416297, 97.9783, 53.1728, -137.22 )

[node name="cactus_big_7" parent="trees" instance=ExtResource( 16 )]
transform = Transform( -1.15003, 0, -0.2071, 0, 1.40071, 0, 0.102731, 0, -1.18635, 226.807, 53.2547, -140.674 )

[node name="cactus_big_8" parent="trees" instance=ExtResource( 16 )]
transform = Transform( 0.994906, 0, 0.100807, 0, 1, 0, -0.100807, 0, 0.994906, 222.452, 53.2547, -132.619 )

[node name="cactus_big_4" parent="trees" instance=ExtResource( 16 )]
transform = Transform( 0.999674, 0, -0.0255487, 0, 1, 0, 0.0255487, 0, 0.999674, 95.3998, 51.7459, -37.7604 )

[node name="cactus_big_5" parent="trees" instance=ExtResource( 16 )]
transform = Transform( -0.196904, 0, -0.980423, 0, 1, 0, 0.980423, 0, -0.196904, 105.948, 53.8407, 31.2337 )

[node name="cactus_big_6" parent="trees" instance=ExtResource( 16 )]
transform = Transform( -0.936904, 0, -0.349586, 0, 1, 0, 0.349586, 0, -0.936904, 158.23, 50.6332, 129.757 )

[node name="kaktus" parent="trees" instance=ExtResource( 15 )]
transform = Transform( 1, 0, 0, 0, 1, 0, 0, 0, 1, -46.0985, 51.841, 0 )

[node name="kaktus_2" parent="trees" instance=ExtResource( 15 )]
transform = Transform( 0.704312, 0, -0.70989, 0, 1, 0, 0.70989, 0, 0.704312, -44.7174, 51.2862, -8.18967 )

[node name="kaktus_3" parent="trees" instance=ExtResource( 15 )]
transform = Transform( 0.704312, 0, -0.70989, 0, 0.747594, 0, 0.70989, 0, 0.704312, -52.7919, 51.6577, -8.18967 )

[node name="kaktus_4" parent="trees" instance=ExtResource( 15 )]
transform = Transform( 0.704312, 0, -0.70989, 0, 0.747594, 0, 0.70989, 0, 0.704312, -163.944, 51.6577, -8.18967 )

[node name="kaktus_5" parent="trees" instance=ExtResource( 15 )]
transform = Transform( 0.704312, 0, -0.70989, 0, 0.747594, 0, 0.70989, 0, 0.704312, -163.944, 51.6577, 94.7039 )

[node name="kaktus_6" parent="trees" instance=ExtResource( 15 )]
transform = Transform( 0.704312, 0, -0.70989, 0, 0.747594, 0, 0.70989, 0, 0.704312, -87.6183, 51.6577, 94.7039 )

[node name="kaktus_7" parent="trees" instance=ExtResource( 15 )]
transform = Transform( 0.704312, 0, -0.70989, 0, 0.747594, 0, 0.70989, 0, 0.704312, -123.054, 50.433, -133.984 )

[node name="kaktus_8" parent="trees" instance=ExtResource( 15 )]
transform = Transform( 0.992858, 0, 0.119305, 0, 0.747594, 0, -0.119305, 0, 0.992858, -116.976, 50.433, -133.984 )

[node name="tree_palm" parent="trees" instance=ExtResource( 4 )]
transform = Transform( 1, 0, 0, 0, 1, 0, 0, 0, 1, -119.111, 50.1494, 203.673 )

[node name="tree_palm_2" parent="trees" instance=ExtResource( 4 )]
transform = Transform( 0.328856, 0.0372475, -0.943645, -0.112544, 0.993647, 0, 0.93765, 0.106202, 0.330959, -138.031, 50.1494, 203.673 )

[node name="tree_palm_3" parent="trees" instance=ExtResource( 4 )]
transform = Transform( 0.803981, 0.0372475, 0.593488, 0.0333196, 0.993647, -0.107499, -0.593721, 0.106202, 0.797632, -99.5603, 49.8386, 190.143 )

[node name="tree_palm_10" parent="trees" instance=ExtResource( 4 )]
transform = Transform( 0.934611, 0.176031, 0.309056, -0.0857418, 0.954819, -0.284552, -0.345183, 0.239446, 0.907477, -64.5802, 50.3477, 192.24 )

[node name="tree_palm_4" parent="trees" instance=ExtResource( 4 )]
transform = Transform( -0.185907, -0.122596, -0.978502, -0.0842086, 1.36438, -0.0746667, 0.978952, 0.0940813, -0.192244, -102.781, 49.7729, 196.695 )

[node name="tree_palm_5" parent="trees" instance=ExtResource( 4 )]
transform = Transform( -0.185907, -0.122596, -0.978502, -0.0842086, 1.36438, -0.0746667, 0.978952, 0.0940813, -0.192244, -162.44, 49.9053, 186.745 )

[node name="tree_palm_6" parent="trees" instance=ExtResource( 4 )]
transform = Transform( -0.185907, -0.122596, -0.978502, -0.0842086, 1.36438, -0.0746667, 0.978952, 0.0940813, -0.192244, -155.468, 50.8499, 150.894 )

[node name="tree_palm_7" parent="trees" instance=ExtResource( 4 )]
transform = Transform( -0.264351, 0.377864, 0.924332, 0.181951, 1.31193, -0.232417, -0.947107, 0.146571, -0.302644, -145.318, 49.9712, 161.91 )

[node name="tree_palm_8" parent="trees" instance=ExtResource( 4 )]
transform = Transform( -0.31196, -0.116697, 0.946286, 0.0752893, 1.36026, 0.113792, -0.947107, 0.146571, -0.302644, -126.67, 50.5899, 161.91 )

[node name="tree_palm_9" parent="trees" instance=ExtResource( 4 )]
transform = Transform( -0.252815, 0.456824, 0.908515, 0.197666, 1.28656, -0.288111, -0.947107, 0.146571, -0.302644, -177.936, 50.5899, 161.91 )

[node name="tree_deserd" parent="trees" instance=ExtResource( 3 )]
transform = Transform( 1, 0, 0, 0, 1, 0, 0, 0, 1, -76.5641, 51.4816, 57.1335 )

[node name="tree_deserd_2" parent="trees" instance=ExtResource( 3 )]
transform = Transform( 0.645551, 0, 0.763717, 0, 1.23003, 0, -0.763717, 0, 0.645551, -76.5641, 50.626, 66.1221 )

[node name="tree_deserd_3" parent="trees" instance=ExtResource( 3 )]
transform = Transform( -0.708377, 0, 0.705835, 0, 1.23003, 0, -0.705835, 0, -0.708377, -69.2018, 50.6528, 63.0691 )

[node name="rocks" type="Spatial" parent="."]
transform = Transform( 1, 0, 0, 0, 1, 0, 0, 0, 1, 0, -50, 0 )

[node name="rock1_2" parent="rocks" instance=ExtResource( 6 )]
transform = Transform( 10, 0, 0, 0, 10, 0, 0, 0, 10, 34.5042, 54.266, 114.059 )

[node name="rock1_7" parent="rocks" instance=ExtResource( 6 )]
transform = Transform( 3.14694, -7.34702, 6.00984, 3.40816, 6.78391, 6.50869, -8.85896, 0, 4.63884, 23.4708, 52.0722, 123.75 )

[node name="rock1_9" parent="rocks" instance=ExtResource( 6 )]
transform = Transform( 17.9461, 3.55258, -1.36327, 2.49129, 16.718, 1.29019, -0.237094, 9.2746, 17.2387, -47.067, 50.4838, 165.496 )

[node name="rock1_33" parent="rocks" instance=ExtResource( 6 )]
transform = Transform( 17.9461, 3.55258, -1.36327, 2.49129, 16.718, 1.29019, -0.237094, 9.2746, 17.2387, -70.0789, 47.2893, 165.8 )

[node name="rock1_34" parent="rocks" instance=ExtResource( 6 )]
transform = Transform( 5.51271, -2.18438, 16.4033, 9.26649, 16.6658, -1.08729, -14.5625, 9.77798, 5.51767, -83.2749, 46.726, 181.613 )

[node name="rock1_23" parent="rocks" instance=ExtResource( 6 )]
transform = Transform( 1.98081, -4.21741, 4.00725, 4.67523, 6.88115, 4.93105, -4.38394, 0.81273, 3.02236, 96.679, 52.7606, 247.974 )

[node name="rock1_24" parent="rocks" instance=ExtResource( 6 )]
transform = Transform( -1.94804, -2.70497, -6.31091, 5.51838, -4.58966, -0.393837, -3.27917, -6.11682, 3.08631, 100.547, 48.8844, 190.038 )

[node name="rock1_25" parent="rocks" instance=ExtResource( 6 )]
transform = Transform( -1.94804, -2.70497, -6.31091, 5.51838, -4.58966, -0.393837, -3.27917, -6.11682, 3.08631, 104.704, 47.9066, 246.292 )

[node name="rock1_26" parent="rocks" instance=ExtResource( 6 )]
transform = Transform( 0.448585, -7.84117, 1.73901, 1.99107, 2.07466, 6.47363, -6.3902, 0.0959837, 2.13914, 122.109, 54.7714, 247.385 )

[node name="rock1_28" parent="rocks" instance=ExtResource( 6 )]
transform = Transform( -6.31548, -0.672912, 2.29927, 1.99107, 2.07466, 6.47363, -1.07266, 7.81283, -1.521, 147.076, 51.6211, 247.385 )

[node name="rock1_29" parent="rocks" instance=ExtResource( 6 )]
transform = Transform( -6.31548, -0.672912, 2.29927, -1.11897, 7.76214, -1.67209, -1.96542, -2.25693, -6.43626, 201.835, 57.3342, 238.516 )

[node name="rock1_30" parent="rocks" instance=ExtResource( 6 )]
transform = Transform( -6.31548, -0.672912, 2.29927, -1.11897, 7.76214, -1.67209, -1.96542, -2.25693, -6.43626, 201.835, 57.3342, 238.516 )

[node name="rock1_27" parent="rocks" instance=ExtResource( 6 )]
transform = Transform( -1.67518, -4.87691, -5.34085, 1.16591, -6.48104, 4.0506, -6.3902, 0.0959837, 2.13914, 198.871, 52.1694, 220.533 )

[node name="rock1_14" parent="rocks" instance=ExtResource( 6 )]
transform = Transform( 3.79846, -12.044, 19.9695, 9.76944, 20.6954, 9.10682, -22.2581, 7.02816, 7.40502, 215.072, 60.9191, 196.867 )

[node name="rock1_15" parent="rocks" instance=ExtResource( 6 )]
transform = Transform( 3.0436, -10.315, 4.37342, 7.82799, 2.509, 20.5448, -17.8348, -0.659069, 9.7638, 195.641, 52.9777, 164.572 )

[node name="rock1_10" parent="rocks" instance=ExtResource( 6 )]
transform = Transform( 17.2312, -1.49353, 10.0427, -2.07891, 18.8443, 6.36947, -9.93801, -6.53157, 16.0803, 88.5303, 49.3468, 173.347 )

[node name="rock1_21" parent="rocks" instance=ExtResource( 6 )]
transform = Transform( -23.527, -6.22176, -0.651838, 6.97048, -19.1971, -7.78484, 1.78517, -7.03928, 21.8065, 84.4298, 35.985, 156.451 )

[node name="rock1_22" parent="rocks" instance=ExtResource( 6 )]
transform = Transform( -5.19501, -7.21286, -17.9161, 11.7833, -15.8835, 2.97787, -15.3025, -9.78199, 8.37533, 74.4807, 42.2713, 130.043 )

[node name="rock1_8" parent="rocks" instance=ExtResource( 6 )]
transform = Transform( 2.58452, -6.27756, -7.34314, 22.5733, 11.7861, -2.13081, 4.30174, -6.90815, 7.36067, 187.123, 53.1025, 143.472 )

[node name="rock1_19" parent="rocks" instance=ExtResource( 6 )]
transform = Transform( 2.4925, -6.1293, -7.49794, -9.16632, 4.44182, -6.67814, 14.5723, 8.13935, -1.80945, 12.8483, 50.6436, 150.64 )

[node name="rock1_20" parent="rocks" instance=ExtResource( 6 )]
transform = Transform( 11.1809, 8.51483, -0.0392873, 12.8307, -6.86389, 2.78647, 3.59806, -1.98284, -9.81452, 83.3548, 47.2846, 145.581 )

[node name="rock1_11" parent="rocks" instance=ExtResource( 6 )]
transform = Transform( 3.66265, -9.00681, -11.018, 11.7489, 6.13441, -1.10904, 7.02771, -11.3587, 11.6215, 57.7894, 58.0399, 118.548 )

[node name="rock1_16" parent="rocks" instance=ExtResource( 6 )]
transform = Transform( 7.71744, -13.2406, 8.51893, 13.8173, 7.21437, -1.30428, -1.80134, 5.90159, 13.5604, 137.341, 47.0773, 90.6544 )

[node name="rock1_17" parent="rocks" instance=ExtResource( 6 )]
transform = Transform( -4.23815, -5.23779, -15.2494, 22.72, 4.1785, -3.91481, 6.6964, -17.4921, 3.63108, 123.673, 44.6615, 59.8838 )

[node name="rock1_18" parent="rocks" instance=ExtResource( 6 )]
transform = Transform( 15.1033, 10.1015, -6.13935, 12.3054, -5.71003, 8.97112, 1.93509, -12.2297, -7.94466, 116.814, 57.5622, 45.7435 )

[node name="rock1_31" parent="rocks" instance=ExtResource( 6 )]
transform = Transform( 15.1033, 10.707, -0.517944, 12.3054, -12.666, 2.70819, 1.93509, -3.02355, -13.1791, 126.837, 47.7945, 29.6294 )

[node name="rock1_32" parent="rocks" instance=ExtResource( 6 )]
transform = Transform( 15.1033, 10.707, -0.517944, 12.3054, -12.666, 2.70819, 1.93509, -3.02355, -13.1791, 159.124, 49.3754, 11.922 )

[node name="rock1_12" parent="rocks" instance=ExtResource( 6 )]
transform = Transform( -1.4829, -0.0253878, -15.8499, 11.6082, 6.06096, -1.09576, 7.7849, -14.4963, 2.28828, 175.928, 48.2021, 107.419 )

[node name="rock1_13" parent="rocks" instance=ExtResource( 6 )]
transform = Transform( -11.7728, -5.95894, -2.90153, 6.4557, 3.86001, -11.0573, 6.40473, -11.9263, 1.8826, 163.365, 53.2329, 106.933 )

[node name="checkpoints" type="Spatial" parent="."]
transform = Transform( 1, 0, 0, 0, 1, 0, 0, 0, 1, 0, -50, 0 )

[node name="checkpoint_1" parent="checkpoints" instance=ExtResource( 1 )]
transform = Transform( -0.127965, 0, -0.991779, 0, 1.72323, 0, 1.66925, 0, -0.215376, 141.927, 55.122, -200.803 )

[node name="checkpoint_2" parent="checkpoints" instance=ExtResource( 1 )]
transform = Transform( -0.127965, 0, -0.991779, 0, 1.72323, 0, 1.66925, 0, -0.215376, 58.6781, 50.6609, 215.859 )

[node name="checkpoint_3" parent="checkpoints" instance=ExtResource( 1 )]
transform = Transform( 1.67237, 0, -0.18511, 0, 1.72323, 0, 0.0771329, 0, 0.997871, -215.953, 50.6609, -41.1077 )

[node name="checkpoint_4" parent="checkpoints" instance=ExtResource( 1 )]
transform = Transform( 1.50001, 0, -0.570942, 0, 1.72323, 0, 0.743463, 0, 0.839069, -109.942, 56.7752, -70.9998 )

[node name="checkpoint_5" parent="checkpoints" instance=ExtResource( 1 )]
transform = Transform( 1.50001, 0, -0.570942, 0, 1.72323, 0, 0.743463, 0, 0.839069, -25.3612, 51.4252, 55.6983 )

[node name="boost_pads" type="Spatial" parent="."]

[node name="boost_pad_2" parent="boost_pads" instance=ExtResource( 17 )]
transform = Transform( 0.209499, 0, -0.977809, 0, 1, 0, 0.977809, 0, 0.209499, 81.7914, 0.163317, -198.934 )

[node name="boost_pad_3" parent="boost_pads" instance=ExtResource( 17 )]
transform = Transform( -0.638136, 0, 0.769923, 0, 1, 0, -0.769923, 0, -0.638136, 145.742, 0.163317, -26.1654 )

[node name="boost_pad_4" parent="boost_pads" instance=ExtResource( 17 )]
transform = Transform( 0.0206283, 0, 0.999787, 0, 1, 0, -0.999787, 0, 0.0206283, 99.6496, 0.163317, 225.38 )

[node name="boost_pad_5" parent="boost_pads" instance=ExtResource( 17 )]
transform = Transform( 0.967369, 0, -0.25337, 0, 1, 0, 0.25337, 0, 0.967369, -216.226, 0.163317, -61.6298 )

[node name="boost_pad_6" parent="boost_pads" instance=ExtResource( 17 )]
transform = Transform( -0.989387, 0, 0.145306, 0, 1, 0, -0.145306, 0, -0.989387, -119.441, 0.163317, 5.5001 )

[node name="boost_pad_7" parent="boost_pads" instance=ExtResource( 17 )]
transform = Transform( 0.889648, 0, -0.456648, 0, 1, 0, 0.456648, 0, 0.889648, -53.6561, 0.163317, 112.763 )

[node name="pickups" parent="." instance=ExtResource( 9 )]
transform = Transform( 1, 0, 0, 0, 1, 0, 0, 0, 1, 0, -50, 0 )

[node name="pickup" parent="pickups" instance=ExtResource( 8 )]
transform = Transform( 1, 0, 0, 0, 1, 0, 0, 0, 1, 19.6763, 50.2643, -137.782 )

[node name="pickup_2" parent="pickups" instance=ExtResource( 8 )]
transform = Transform( 1, 0, 0, 0, 1, 0, 0, 0, 1, 36.7021, 50.2643, -93.6273 )

[node name="pickup_3" parent="pickups" instance=ExtResource( 8 )]
transform = Transform( 1, 0, 0, 0, 1, 0, 0, 0, 1, 192.27, 50.2643, -177.514 )

[node name="pickup_4" parent="pickups" instance=ExtResource( 8 )]
transform = Transform( 1, 0, 0, 0, 1, 0, 0, 0, 1, 192.27, 50.2643, -80.4121 )

[node name="pickup_5" parent="pickups" instance=ExtResource( 8 )]
transform = Transform( 1, 0, 0, 0, 1, 0, 0, 0, 1, 91.4297, 50.2643, 0.984558 )

[node name="pickup_6" parent="pickups" instance=ExtResource( 8 )]
transform = Transform( 1, 0, 0, 0, 1, 0, 0, 0, 1, 99.1674, 50.2643, 91.4596 )

[node name="pickup_7" parent="pickups" instance=ExtResource( 8 )]
transform = Transform( 1, 0, 0, 0, 1, 0, 0, 0, 1, 69.1942, 50.2643, 218.078 )

[node name="pickup_8" parent="pickups" instance=ExtResource( 8 )]
transform = Transform( 1, 0, 0, 0, 1, 0, 0, 0, 1, -90.6991, 50.2643, 235.253 )

[node name="pickup_9" parent="pickups" instance=ExtResource( 8 )]
transform = Transform( 1, 0, 0, 0, 1, 0, 0, 0, 1, -201.416, 50.2643, 159.043 )

[node name="pickup_10" parent="pickups" instance=ExtResource( 8 )]
transform = Transform( 1, 0, 0, 0, 1, 0, 0, 0, 1, -217.354, 50.2643, 15.6212 )

[node name="pickup_14" parent="pickups" instance=ExtResource( 8 )]
transform = Transform( 1, 0, 0, 0, 1, 0, 0, 0, 1, -217.354, 50.2643, 93.6949 )

[node name="pickup_11" parent="pickups" instance=ExtResource( 8 )]
transform = Transform( 1, 0, 0, 0, 1, 0, 0, 0, 1, -164.718, 50.2643, -172.639 )

[node name="pickup_12" parent="pickups" instance=ExtResource( 8 )]
transform = Transform( 1, 0, 0, 0, 1, 0, 0, 0, 1, -131.972, 50.2643, -41.9254 )

[node name="pickup_13" parent="pickups" instance=ExtResource( 8 )]
transform = Transform( 1, 0, 0, 0, 1, 0, 0, 0, 1, -35.9483, 50.2643, 86.9088 )

[node name="obstacles" type="Spatial" parent="."]
transform = Transform( 1, 0, 0, 0, 1, 0, 0, 0, 1, 0, -50, 0 )

[node name="arrows" type="Spatial" parent="obstacles"]
transform = Transform( 1, 0, 0, 0, 1, 0, 0, 0, 1, 0, 50, 0 )

[node name="arrow_sign" parent="obstacles/arrows" instance=ExtResource( 14 )]
transform = Transform( 0.895743, 0, -0.444573, 0, 1, 0, 0.444573, 0, 0.895743, -39.2482, 0.745006, 0 )

[node name="arrow_sign_2" parent="obstacles/arrows" instance=ExtResource( 14 )]
transform = Transform( 0.895743, 0, -0.444573, 0, 1, 0, 0.444573, 0, 0.895743, -35.5757, 1.11803, -60.0431 )

[node name="arrow_sign_3" parent="obstacles/arrows" instance=ExtResource( 14 )]
transform = Transform( 0.772578, 0, -0.634919, 0, 1, 0, 0.634919, 0, 0.772578, 7.42279, 0.0690897, -151.743 )

[node name="arrow_sign_4" parent="obstacles/arrows" instance=ExtResource( 14 )]
transform = Transform( -0.859022, 0, 0.511938, 0, 1, 0, -0.511938, 0, -0.859022, 199.411, 3.58452, -41.1424 )

[node name="arrow_sign_5" parent="obstacles/arrows" instance=ExtResource( 14 )]
transform = Transform( -0.661796, 0, 0.749684, 0, 1, 0, -0.749684, 0, -0.661796, 181.258, 3.71359, -16.2221 )

[node name="arrow_sign_6" parent="obstacles/arrows" instance=ExtResource( 14 )]
transform = Transform( -0.756447, 0, -0.654054, 0, 1, 0, 0.654054, 0, -0.756447, 44.247, 3.85729, 84.9523 )

[node name="arrow_sign_7" parent="obstacles/arrows" instance=ExtResource( 14 )]
transform = Transform( -0.365153, 0, -0.930947, 0, 1, 0, 0.930947, 0, -0.365153, 55.4596, 2.30653, 94.305 )

[node name="arrow_sign_8" parent="obstacles/arrows" instance=ExtResource( 14 )]
transform = Transform( -0.287527, 0, -0.957772, 0, 1, 0, 0.957772, 0, -0.287527, 72.2045, 3.1069, 97.4359 )

[node name="arrow_sign_12" parent="obstacles/arrows" instance=ExtResource( 14 )]
transform = Transform( -0.820835, -0.0419081, -0.569625, -0.0124943, 0.998383, -0.0554479, 0.571028, -0.0383966, -0.820032, 38.5305, 3.22421, 69.9441 )

[node name="arrow_sign_13" parent="obstacles/arrows" instance=ExtResource( 14 )]
transform = Transform( -0.99631, 0.0153992, -0.0844265, 0.0197889, 0.998482, -0.0514076, 0.0835067, -0.0528887, -0.995102, 39.5808, 2.04591, 56.2504 )

[node name="arrow_sign_14" parent="obstacles/arrows" instance=ExtResource( 14 )]
transform = Transform( -0.867385, -0.0227481, 0.497117, -0.00787641, 0.999457, 0.0319921, -0.497575, 0.023834, -0.867093, 55.6843, 1.73732, 11.1412 )

[node name="arrow_sign_45" parent="obstacles/arrows" instance=ExtResource( 14 )]
transform = Transform( -0.836627, -0.0544786, 0.545056, -0.00219859, 0.995368, 0.0961126, -0.547768, 0.0792122, -0.832871, 66.9463, 1.84689, -6.7199 )

[node name="arrow_sign_48" parent="obstacles/arrows" instance=ExtResource( 14 )]
transform = Transform( -0.747474, -0.0544786, 0.662052, 0.0119453, 0.995368, 0.0953928, -0.664183, 0.0792122, -0.743361, 79.1374, 2.72707, -21.0176 )

[node name="arrow_sign_9" parent="obstacles/arrows" instance=ExtResource( 14 )]
transform = Transform( -0.524476, 0, 0.851424, 0, 1, 0, -0.851424, 0, -0.524476, 173.732, 2.14477, 236.443 )

[node name="arrow_sign_10" parent="obstacles/arrows" instance=ExtResource( 14 )]
transform = Transform( -0.250262, 0, 0.968177, 0, 1, 0, -0.968177, 0, -0.250262, 159.331, 1.82642, 239.642 )

[node name="arrow_sign_11" parent="obstacles/arrows" instance=ExtResource( 14 )]
transform = Transform( -0.0698613, 0.0890933, 0.993569, 0, 0.996004, -0.0893114, -0.997556, -0.00623945, -0.0695816, 140.518, 2.44491, 242.209 )

[node name="arrow_sign_15" parent="obstacles/arrows" instance=ExtResource( 14 )]
transform = Transform( 0.667682, 0.0260734, 0.743989, 0.0462444, 0.996004, -0.0764067, -0.743008, 0.0854208, 0.663808, -216.397, 1.63266, 238.699 )

[node name="arrow_sign_16" parent="obstacles/arrows" instance=ExtResource( 14 )]
transform = Transform( 0.809345, 0.0260734, 0.586753, 0.0291226, 0.996004, -0.0844299, -0.586609, 0.0854208, 0.805352, -229.695, 2.20342, 225.715 )

[node name="arrow_sign_17" parent="obstacles/arrows" instance=ExtResource( 14 )]
transform = Transform( 0.952765, 0.0260734, 0.302584, 0.00110515, 0.996004, -0.0893046, -0.303703, 0.0854208, 0.948929, -241.208, 2.7827, 213.161 )

[node name="arrow_sign_18" parent="obstacles/arrows" instance=ExtResource( 14 )]
transform = Transform( 0.98842, 0.0260734, -0.149483, -0.0284248, 0.999503, -0.0136149, 0.149054, 0.0177063, 0.98867, -241.985, 0.636292, 192.081 )

[node name="arrow_sign_19" parent="obstacles/arrows" instance=ExtResource( 14 )]
transform = Transform( 0.98842, 0.0260734, -0.149483, -0.0384636, 0.996004, -0.0806045, 0.146784, 0.0854208, 0.985473, -244.354, 0.753754, 175.546 )

[node name="arrow_sign_20" parent="obstacles/arrows" instance=ExtResource( 14 )]
transform = Transform( 0.821181, 0.00702684, -0.570624, 0.0145457, 0.999341, 0.0332388, 0.570482, -0.0355952, 0.820538, -211.218, 2.03878, -145.896 )

[node name="arrow_sign_21" parent="obstacles/arrows" instance=ExtResource( 14 )]
transform = Transform( 0.682979, -0.0430112, -0.729169, 0.00275172, 0.998409, -0.0563154, 0.730431, 0.0364558, 0.682012, -193.843, 0.878371, -165.569 )

[node name="arrow_sign_22" parent="obstacles/arrows" instance=ExtResource( 14 )]
transform = Transform( 0.53509, 0.101422, -0.838684, -0.133399, 0.990456, 0.0346655, 0.834196, 0.0933305, 0.543512, -177.668, 0.731406, -181.899 )

[node name="arrow_sign_23" parent="obstacles/arrows" instance=ExtResource( 14 )]
transform = Transform( 0.3069, -0.0430112, -0.950769, -0.0215217, 0.998409, -0.0521134, 0.951498, 0.0364558, 0.305486, -159.731, 0.646516, -196.269 )

[node name="arrow_sign_24" parent="obstacles/arrows" instance=ExtResource( 14 )]
transform = Transform( 0.201039, -0.0430112, -0.978638, -0.027094, 0.998409, -0.049446, 0.979208, 0.0364558, 0.199554, -142.775, 0.520042, -202.783 )

[node name="arrow_sign_25" parent="obstacles/arrows" instance=ExtResource( 14 )]
transform = Transform( -0.988684, 0.0531136, 0.140288, 0.0265181, 0.982373, -0.185043, -0.147643, -0.179229, -0.972665, -24.6067, 1.57381, -153.259 )

[node name="arrow_sign_30" parent="obstacles/arrows" instance=ExtResource( 14 )]
transform = Transform( -0.890616, 0.0684268, 0.449578, 0.0445511, 0.996988, -0.0634877, -0.452568, -0.0365139, -0.890981, -28.9012, 4.12434, -133.521 )

[node name="arrow_sign_31" parent="obstacles/arrows" instance=ExtResource( 14 )]
transform = Transform( -0.611988, -0.0229936, -0.790532, 0.0445511, 0.996988, -0.0634877, 0.789611, -0.0740728, -0.60912, -147.769, 2.07045, 123.416 )

[node name="arrow_sign_33" parent="obstacles/arrows" instance=ExtResource( 14 )]
transform = Transform( -0.212447, -0.0229936, -0.976902, 0.0675274, 0.996988, -0.0381515, 0.974836, -0.0740729, -0.210255, -118.284, 1.68834, 162.099 )

[node name="arrow_sign_34" parent="obstacles/arrows" instance=ExtResource( 14 )]
transform = Transform( 0.0297088, -0.0229936, -0.999294, 0.0747411, 0.996988, -0.0207184, 0.99676, -0.0740729, 0.0313379, -94.2075, 1.21622, 163.97 )

[node name="arrow_sign_35" parent="obstacles/arrows" instance=ExtResource( 14 )]
transform = Transform( 0.0297088, -0.0229936, -0.999294, 0.0747411, 0.996988, -0.0207184, 0.99676, -0.0740729, 0.0313379, -69.8457, 1.65969, 163.206 )

[node name="arrow_sign_36" parent="obstacles/arrows" instance=ExtResource( 14 )]
transform = Transform( 0.208384, -0.0229936, -0.977776, 0.0772446, 0.996988, -0.00698294, 0.974991, -0.0740729, 0.209532, -42.8609, 0.538002, 160.296 )

[node name="arrow_sign_37" parent="obstacles/arrows" instance=ExtResource( 14 )]
transform = Transform( 0.899402, -0.0229936, -0.436515, 0.0529801, 0.996988, 0.0566445, 0.433898, -0.0740729, 0.897911, -15.2691, 7.90237, 127.398 )

[node name="arrow_sign_38" parent="obstacles/arrows" instance=ExtResource( 14 )]
transform = Transform( 0.947322, -0.0229936, -0.319455, 0.0454037, 0.996988, 0.0628808, 0.317047, -0.0740729, 0.945512, -5.44994, 7.15205, 101.872 )

[node name="arrow_sign_32" parent="obstacles/arrows" instance=ExtResource( 14 )]
transform = Transform( -0.934751, -0.0229936, 0.354558, -0.0477169, 0.996988, -0.0611439, -0.352084, -0.0740728, -0.933032, -37.9427, 3.77047, -123.921 )

[node name="arrow_sign_39" parent="obstacles/arrows" instance=ExtResource( 14 )]
transform = Transform( -0.737538, 0.00611449, 0.675277, -0.0477169, 0.996988, -0.0611439, -0.673617, -0.0773182, -0.735025, -49.2719, 3.0641, -102.856 )

[node name="arrow_sign_40" parent="obstacles/arrows" instance=ExtResource( 14 )]
transform = Transform( -0.997541, -0.0229936, -0.0662019, -0.0179737, 0.996988, -0.0754482, 0.0677373, -0.0740728, -0.994949, -144.286, 1.27107, -48.3676 )

[node name="arrow_sign_41" parent="obstacles/arrows" instance=ExtResource( 14 )]
transform = Transform( -0.997541, -0.0229936, -0.0662019, -0.0179737, 0.996988, -0.0754482, 0.0677373, -0.0740728, -0.994949, -147.521, 2.37656, -19.1091 )

[node name="arrow_sign_42" parent="obstacles/arrows" instance=ExtResource( 14 )]
transform = Transform( -0.997541, -0.0229936, -0.0662019, -0.0179737, 0.996988, -0.0754482, 0.0677373, -0.0740728, -0.994949, -152.482, 3.49588, 17.204 )

[node name="arrow_sign_43" parent="obstacles/arrows" instance=ExtResource( 14 )]
transform = Transform( -0.969279, -0.0229936, -0.244885, -0.0040829, 0.996988, -0.077452, 0.245928, -0.0740728, -0.966453, -154.077, 2.27527, 46.7102 )

[node name="arrow_sign_26" parent="obstacles/arrows" instance=ExtResource( 14 )]
transform = Transform( -0.484224, -0.0479425, -0.873629, 0.030187, 0.996988, -0.0714439, 0.874421, -0.0609672, -0.481319, -63.1252, 2.51109, -208.855 )

[node name="arrow_sign_27" parent="obstacles/arrows" instance=ExtResource( 14 )]
transform = Transform( -0.644, 0.0607131, -0.762611, 0.0293651, 0.998073, 0.0546606, 0.76446, 0.0128074, -0.644542, -45.9669, 1.99536, -199.316 )

[node name="arrow_sign_28" parent="obstacles/arrows" instance=ExtResource( 14 )]
transform = Transform( -0.95791, -0.0479425, -0.283034, -0.0624456, 0.997146, 0.0424389, 0.280191, 0.0583269, -0.95817, -33.3465, 1.98583, -185.623 )

[node name="arrow_sign_29" parent="obstacles/arrows" instance=ExtResource( 14 )]
transform = Transform( -0.95791, -0.0479425, -0.283034, -0.0710653, 0.99487, 0.0719973, 0.27813, 0.089081, -0.956403, -32.4408, 2.8201, -161.692 )

[node name="barrels" type="Spatial" parent="obstacles"]

[node name="barrel" parent="obstacles/barrels" instance=ExtResource( 10 )]
transform = Transform( 1, 0, 0, 0, 1, 0, 0, 0, 1, -40.3284, 51.0868, 44.7271 )

[node name="barrel_2" parent="obstacles/barrels" instance=ExtResource( 10 )]
transform = Transform( 1, 0, 0, 0, 1, 0, 0, 0, 1, 46.9655, 51.0868, -188.31 )

[node name="barrel_3" parent="obstacles/barrels" instance=ExtResource( 10 )]
transform = Transform( 1, 0, 0, 0, 1, 0, 0, 0, 1, 46.9655, 51.0868, -127.736 )

[node name="barrel_4" parent="obstacles/barrels" instance=ExtResource( 10 )]
transform = Transform( 1, 0, 0, 0, 1, 0, 0, 0, 1, 188.965, 51.0868, -127.736 )

[node name="barrel_5" parent="obstacles/barrels" instance=ExtResource( 10 )]
transform = Transform( 1, 0, 0, 0, 1, 0, 0, 0, 1, 127.416, 51.0868, -41.1901 )

[node name="barrel_6" parent="obstacles/barrels" instance=ExtResource( 10 )]
transform = Transform( 1, 0, 0, 0, 1, 0, 0, 0, 1, 115.436, 51.0868, -28.9137 )

[node name="barrel_7" parent="obstacles/barrels" instance=ExtResource( 10 )]
transform = Transform( 1, 0, 0, 0, 1, 0, 0, 0, 1, 115.436, 51.0868, -8.36602 )

[node name="barrel_8" parent="obstacles/barrels" instance=ExtResource( 10 )]
transform = Transform( 1, 0, 0, 0, 1, 0, 0, 0, 1, 115.436, 51.0868, 129.009 )

[node name="barrel_9" parent="obstacles/barrels" instance=ExtResource( 10 )]
transform = Transform( 1, 0, 0, 0, 1, 0, 0, 0, 1, -10.1762, 51.0868, 219.166 )

[node name="barrel_10" parent="obstacles/barrels" instance=ExtResource( 10 )]
transform = Transform( 1, 0, 0, 0, 1, 0, 0, 0, 1, -60.6242, 51.0868, 177.937 )

[node name="barrel_11" parent="obstacles/barrels" instance=ExtResource( 10 )]
transform = Transform( 1, 0, 0, 0, 1, 0, 0, 0, 1, -88.1769, 51.0868, 187.371 )

[node name="cones" type="Spatial" parent="obstacles"]

[node name="cone" parent="obstacles/cones" instance=ExtResource( 11 )]
transform = Transform( -0.873135, 0, 0.487479, 0, 1, 0, -0.487479, 0, -0.873135, -14.3891, 50.0062, 87.1416 )
script = SubResource( 12 )

[node name="cone_2" parent="obstacles/cones" instance=ExtResource( 11 )]
transform = Transform( -0.873135, 0, 0.487479, 0, 1, 0, -0.487479, 0, -0.873135, -12.6141, 50.0062, 83.6625 )
script = SubResource( 12 )

[node name="cone_3" parent="obstacles/cones" instance=ExtResource( 11 )]
transform = Transform( -0.873135, 0, 0.487479, 0, 1, 0, -0.487479, 0, -0.873135, -50.6416, 50.0062, 59.415 )
script = SubResource( 12 )

[node name="cone_4" parent="obstacles/cones" instance=ExtResource( 11 )]
transform = Transform( 1, 0, 0, 0, 1, 0, 0, 0, 1, -22.3728, 50, 68.1595 )
script = SubResource( 12 )

[node name="cone_5" parent="obstacles/cones" instance=ExtResource( 11 )]
transform = Transform( 1, 0, 0, 0, 1, 0, 0, 0, 1, 100.953, 50, 0 )
script = SubResource( 12 )

[node name="cone_6" parent="obstacles/cones" instance=ExtResource( 11 )]
transform = Transform( 1, 0, 0, 0, 1, 0, 0, 0, 1, 100.953, 50, -7.7401 )
script = SubResource( 12 )

[node name="cone_7" parent="obstacles/cones" instance=ExtResource( 11 )]
transform = Transform( 1, 0, 0, 0, 1, 0, 0, 0, 1, -214.047, 50, -7.7401 )
script = SubResource( 12 )

[node name="cone_8" parent="obstacles/cones" instance=ExtResource( 11 )]
transform = Transform( 1, 0, 0, 0, 1, 0, 0, 0, 1, -222.998, 50, -7.7401 )
script = SubResource( 12 )

[node name="cone_9" parent="obstacles/cones" instance=ExtResource( 11 )]
transform = Transform( 1, 0, 0, 0, 1, 0, 0, 0, 1, -235.242, 50, -7.7401 )
script = SubResource( 12 )

[node name="cone_10" parent="obstacles/cones" instance=ExtResource( 11 )]
transform = Transform( 1, 0, 0, 0, 1, 0, 0, 0, 1, 134.758, 50, -234.774 )
script = SubResource( 12 )

[node name="cone_11" parent="obstacles/cones" instance=ExtResource( 11 )]
transform = Transform( 1, 0, 0, 0, 1, 0, 0, 0, 1, 121.059, 50, -234.774 )
script = SubResource( 12 )

[node name="cone_12" parent="obstacles/cones" instance=ExtResource( 11 )]
transform = Transform( 1, 0, 0, 0, 1, 0, 0, 0, 1, 109.672, 50, -234.774 )
script = SubResource( 12 )

[node name="cone_13" parent="obstacles/cones" instance=ExtResource( 11 )]
transform = Transform( 1, 0, 0, 0, 1, 0, 0, 0, 1, 90.0451, 50, -234.774 )
script = SubResource( 12 )

[node name="cone_14" parent="obstacles/cones" instance=ExtResource( 11 )]
transform = Transform( 1, 0, 0, 0, 1, 0, 0, 0, 1, 90.0451, 50, -234.774 )
script = SubResource( 12 )

[node name="piramide" parent="obstacles" instance=ExtResource( 5 )]

[node name="piramide_2" parent="obstacles" instance=ExtResource( 5 )]
transform = Transform( 0.737159, 0, -0.675719, 0, 1, 0, 0.675719, 0, 0.737159, -159.298, 50.7803, 172.36 )

[node name="piramide_3" parent="obstacles" instance=ExtResource( 5 )]
transform = Transform( 0.248823, 0, -0.634139, 0, 0.788343, 0, 0.694286, 0, 0.272423, -114.145, 50.9115, 191.983 )

[node name="road_path" type="Path" parent="."]
transform = Transform( 1, 0, 0, 0, 1, 0, 0, 0, 1, 0, 0.494, 0 )
curve = SubResource( 13 )

[node name="road" type="StaticBody" parent="."]
transform = Transform( 1, 0, 0, 0, 1, 0, 0, 0, 1, -39.125, 0, 0 )

[node name="collision_shape" type="CollisionShape" parent="road"]
transform = Transform( 1, 0, 0, 0, 0.1, 0, 0, 0, 1, 0, -0.1, 0 )
shape = SubResource( 14 )

[node name="mesh_instance" type="MeshInstance" parent="road"]
transform = Transform( 256, 0, 0, 0, 1, 0, 0, 0, 256, 15.713, 0, -2.335 )
material_override = ExtResource( 12 )
mesh = SubResource( 15 )
material/0 = null

[node name="terrain_wrap" type="Spatial" parent="."]
transform = Transform( 1, 0, 0, 0, 1, 0, 0, 0, 1, -256, -0.1, -256 )

[node name="HTerrain" type="Spatial" parent="terrain_wrap"]
visible = false
script = ExtResource( 7 )
_terrain_data = ExtResource( 13 )
chunk_size = 32
collision_enabled = true
collision_layer = 1
collision_mask = 1
shader_type = "Classic4Lite"
custom_shader = null
custom_globalmap_shader = null
texture_set = SubResource( 21 )
shader_params/u_ground_uv_scale = 20
shader_params/u_depth_blending = true
shader_params/u_triplanar = false
shader_params/u_tile_reduction = Plane( 0, 0, 0, 0 )

[node name="borders" type="StaticBody" parent="."]
transform = Transform( 1, 0, 0, 0, 1, 0, 0, 0, 1, 0, 0, -65.1555 )

[node name="collision_shape" type="CollisionShape" parent="borders"]
transform = Transform( 1, 0, 0, 0, 1, 0, 0, 0, 1, 5.48403, 29.1685, -193.389 )
shape = SubResource( 18 )

[node name="collision_shape_2" type="CollisionShape" parent="borders"]
transform = Transform( 1, 0, 0, 0, 1, 0, 0, 0, 1, 0, 29.1685, 318.872 )
shape = SubResource( 18 )

[node name="collision_shape_3" type="CollisionShape" parent="borders"]
transform = Transform( -0.00258305, 0, 0.999997, 0, 1, 0, -0.999997, 0, -0.00258305, -258.772, 29.1685, 64.306 )
shape = SubResource( 19 )

[node name="collision_shape_4" type="CollisionShape" parent="borders"]
transform = Transform( -0.00258305, 0, 0.999997, 0, 1, 0, -0.999997, 0, -0.00258305, 247.046, 29.1685, 68.5341 )
shape = SubResource( 20 )
