[gd_scene load_steps=63 format=2]

[ext_resource path="res://scenes/checkpoint.tscn" type="PackedScene" id=1]
[ext_resource path="res://material/road.tres" type="Material" id=2]
[ext_resource path="res://models/building_orange.glb" type="PackedScene" id=3]
[ext_resource path="res://material/grass.tres" type="Material" id=4]
[ext_resource path="res://scenes/statue.tscn" type="PackedScene" id=5]
[ext_resource path="res://scenes/coin.tscn" type="PackedScene" id=6]
[ext_resource path="res://scenes/pavment.tscn" type="PackedScene" id=7]
[ext_resource path="res://scenes/pickup.tscn" type="PackedScene" id=8]
[ext_resource path="res://scenes/pickups.tscn" type="PackedScene" id=9]
[ext_resource path="res://scenes/barrel.tscn" type="PackedScene" id=10]
[ext_resource path="res://scenes/cone.tscn" type="PackedScene" id=11]
[ext_resource path="res://models/building_strips_orange.glb" type="PackedScene" id=12]
[ext_resource path="res://scenes/boost_pad.tscn" type="PackedScene" id=13]
[ext_resource path="res://models/building_red.glb" type="PackedScene" id=14]
[ext_resource path="res://models/building_strips_red.glb" type="PackedScene" id=15]
[ext_resource path="res://textures/red_white.png" type="Texture" id=16]
[ext_resource path="res://models/building_strips_blue.glb" type="PackedScene" id=17]
[ext_resource path="res://models/building_tall_blue.glb" type="PackedScene" id=18]
[ext_resource path="res://models/building_blue.glb" type="PackedScene" id=19]
[ext_resource path="res://models/building_tall_orange.glb" type="PackedScene" id=20]
[ext_resource path="res://models/shop_blue.glb" type="PackedScene" id=21]
[ext_resource path="res://models/shop_orange.glb" type="PackedScene" id=22]
[ext_resource path="res://models/shop_red.glb" type="PackedScene" id=23]
[ext_resource path="res://models/building_small_blue.glb" type="PackedScene" id=24]
[ext_resource path="res://models/building_small_orang.glb" type="PackedScene" id=25]
[ext_resource path="res://models/building_small_red.glb" type="PackedScene" id=26]
[ext_resource path="res://models/house.glb" type="PackedScene" id=27]
[ext_resource path="res://scenes/city_light_big.tscn" type="PackedScene" id=28]
[ext_resource path="res://scenes/tree1.tscn" type="PackedScene" id=29]
[ext_resource path="res://scenes/city_light.tscn" type="PackedScene" id=30]
[ext_resource path="res://scenes/barricade.tscn" type="PackedScene" id=31]
[ext_resource path="res://scenes/arrow_sign.tscn" type="PackedScene" id=32]
[ext_resource path="res://scenes/fance.tscn" type="PackedScene" id=33]

[sub_resource type="GDScript" id=7]
script/source = "extends Spatial

export var trails_color:Color = Color.dimgray

func _ready():
	SignalManager.emit_signal(\"toggle_music\")
	
func get_trails_color():
	return trails_color
"

[sub_resource type="BoxShape" id=1]
extents = Vector3( 247.553, 17.3229, 7.0359 )

[sub_resource type="CylinderMesh" id=47]

[sub_resource type="Curve3D" id=51]
_data = {
"points": PoolVector3Array( 0, 0, 0, 0, 0, 0, 1.73625, 0, -21.2331, 0, 0, 0, 0, 0, 0, -21.2504, 0, -101.392, 0, 0, 0, 0, 0, 0, -69.9599, 0, 24.6483, 0, 0, 0, 0, 0, 0, -149.886, 0, 24.1579, 0, 0, 0, 0, 0, 0, -140.079, 0, -36.1541, 0, 0, 0, 0, 0, 0, -97.394, 0, -172.787, 0, 0, 0, 0, 0, 0, 59.0249, 0, -173.278, 0, 0, 0, 0, 0, 0, 158.074, 0, -162.49, 0, 0, 0, 0, 0, 0, 156.113, 0, -122.282, 0, 0, 0, 0, 0, 0, 96.7812, 0, -85.997, 0, 0, 0, 0, 0, 0, 98.6846, 0, 33.5194, 0, 0, 0, 0, 0, 0, 186.608, 0, 121.131, 0, 0, 0, 0, 0, 0, 133.161, 0, 206.941, 0, 0, 0, 0, 0, 0, -136.037, 0, 208.412, 0, 0, 0, 0, 0, 0, -131.623, 0, 162.81, 0, 0, 0, 0, 0, 0, -7.56708, 0, 127.015, 0, 0, 0, 0, 0, 0, 2.31669, 0, -9.58356 ),
"tilts": PoolRealArray( 0, 0, 0, 0, 0, 0, 0, 0, 0, 0, 0, 0, 0, 0, 0, 0, 0 )
}

[sub_resource type="SpatialMaterial" id=28]
albedo_texture = ExtResource( 16 )
uv1_scale = Vector3( 0.2, 1, 1 )

[sub_resource type="Curve3D" id=27]
_data = {
"points": PoolVector3Array( 0, 0, 0, 0, 0, 0, -4.95541, 0, 27.0897, 0, 0, 0, 0, 0, 0, -5.06554, 0, 12.774, 0, 0, 0, 0, 0, 0, -3.77068, 1.52588e-05, -2.20082, 0, 0, 0, 0, 0, 0, 4.79198, 0, -10.2392, 0, 0, 0, 0, 0, 0, 23.8962, 0, -11.893, 0, 0, 0, 0, 0, 0, 43.9381, 0, -12.0031, 0, 0, 0, 0, 0, 0, 157.167, 0, -12.3997, 0, 0, 0, 0, 0, 0, 167.842, 0, -8.99281, 0, 0, 0, 0, 0, 0, 175.185, 0, -0.806061, 0, 0, 0, 0, 0, 0, 177.806, 0, 12.3, 0, 0, 0, 0, 0, 0, 177.451, 0, 178.737, 0, 0, 0, 0, 0, 0, 170.119, 0, 205.588, 0, 0, 0, 0, 0, 0, 178.769, 0, 224.329, 0, 0, 0, 0, 0, 0, 193.907, 0, 231.538, 0, 0, 0, 0, 0, 0, 213.369, 0, 225.771, 0, 0, 0, 0, 0, 0, 220.217, 0, 208.111, 0, 0, 0, 0, 0, 0, 212.837, 0, 179.966, 0, 0, 0, 0, 0, 0, 213.395, 0, 17.4765, 0, 0, 0, 0, 0, 0, 218.081, 0, 0.17659, 0, 0, 0, 0, 0, 0, 224.394, 0, -7.02573, 0, 0, 0, 0, 0, 0, 237.633, 0, -11.9291, 0, 0, 0, 0, 0, 0, 250.872, 0, -11.9291, 0, 0, 0, 0, 0, 0, 435.59, 0, -13.0656, 0, 0, 0, 0, 0, 0, 449.451, -1.52588e-05, -10.2121, 0, 0, 0, 0, 0, 0, 456.585, 0, -1.24376, 0, 0, 0, 0, 0, 0, 459.438, 0, 19.5464, 0, 0, 0, 0, 0, 0, 459.957, 0, 325.733, 0, 0, 0, 0, 0, 0, 459.753, 1.52588e-05, 343.059, 0, 0, 0, 0, 0, 0, 454.861, 1.52588e-05, 350.6, 0, 0, 0, 0, 0, 0, 438.759, 0, 351.415, 0, 0, 0, 0, 0, 0, 18.5553, 0, 351.571, 0, 0, 0, 0, 0, 0, 3.17747, 0, 348.076, 0, 0, 0, 0, 0, 0, -3.46294, 0, 340.038, 0, 0, 0, 0, 0, 0, -5.90941, 0, 321.689, 0, 0, 0, 0, 0, 0, -4.95541, 0, 27.0897 ),
"tilts": PoolRealArray( 0, 0, 0, 0, 0, 0, 0, 0, 0, 0, 0, 0, 0, 0, 0, 0, 0, 0, 0, 0, 0, 0, 0, 0, 0, 0, 0, 0, 0, 0, 0, 0, 0, 0, 0 )
}

[sub_resource type="PlaneMesh" id=36]
size = Vector2( 1, 6 )

[sub_resource type="CubeMesh" id=38]

[sub_resource type="BoxShape" id=37]
extents = Vector3( 250.863, 0.0464058, 285.103 )

[sub_resource type="BoxShape" id=52]
extents = Vector3( 10.1467, 39.8793, 44.9118 )

[sub_resource type="BoxShape" id=53]
extents = Vector3( 10.1467, 38.352, 10.5979 )

[sub_resource type="BoxShape" id=54]
extents = Vector3( 7.11596, 61.4999, 28.1151 )

[sub_resource type="BoxShape" id=55]
extents = Vector3( 8.95558, 54.705, 24.479 )

[sub_resource type="BoxShape" id=56]
extents = Vector3( 36.7609, 54.705, 36.4814 )

[sub_resource type="BoxShape" id=57]
extents = Vector3( 59.7101, 54.705, 22.368 )

[sub_resource type="BoxShape" id=58]
extents = Vector3( 87.6596, 54.705, 10.1095 )

[sub_resource type="BoxShape" id=59]
extents = Vector3( 195.154, 14.912, 10.1095 )

[sub_resource type="BoxShape" id=60]
extents = Vector3( 8.90541, 15.9312, 51.9058 )

[sub_resource type="BoxShape" id=61]
extents = Vector3( 8.90541, 15.9312, 49.9239 )

[sub_resource type="BoxShape" id=62]
extents = Vector3( 51.8655, 15.9312, 10.3887 )

[sub_resource type="BoxShape" id=63]
extents = Vector3( 8.90541, 15.9312, 41.4913 )

[sub_resource type="BoxShape" id=64]
extents = Vector3( 8.90541, 15.9312, 8.29839 )

[sub_resource type="BoxShape" id=65]
extents = Vector3( 8.90541, 15.9312, 7.58992 )

[sub_resource type="BoxShape" id=66]
extents = Vector3( 16.9677, 15.9312, 10.5737 )

[sub_resource type="BoxShape" id=67]
extents = Vector3( 9.3367, 40.8956, 52.5065 )

[sub_resource type="BoxShape" id=68]
extents = Vector3( 7.40728, 15.9312, 6.30607 )

[sub_resource type="BoxShape" id=69]
extents = Vector3( 13.6409, 15.9312, 6.30607 )

[sub_resource type="BoxShape" id=70]
extents = Vector3( 30.9656, 15.9312, 6.30607 )

[sub_resource type="BoxShape" id=71]
extents = Vector3( 30.9656, 15.9312, 9.89404 )

[node name="map_city" type="Spatial"]
script = SubResource( 7 )
trails_color = Color( 0.282353, 0.282353, 0.282353, 1 )

[node name="borders" type="StaticBody" parent="."]

[node name="collision_shape" type="CollisionShape" parent="borders"]
transform = Transform( 1, 0, 0, 0, 1, 0, 0, 0, 1, 0, 0, -236.974 )
shape = SubResource( 1 )

[node name="collision_shape_2" type="CollisionShape" parent="borders"]
transform = Transform( 1, 0, 0, 0, 1, 0, 0, 0, 1, 0, 0, 248.999 )
shape = SubResource( 1 )

[node name="collision_shape_3" type="CollisionShape" parent="borders"]
transform = Transform( 0.00595156, 0, 0.999982, 0, 1, 0, -0.999982, 0, 0.00595156, 244.553, 0, 15.8162 )
shape = SubResource( 1 )

[node name="collision_shape_4" type="CollisionShape" parent="borders"]
transform = Transform( 0.00595156, 0, 0.999982, 0, 1, 0, -0.999982, 0, 0.00595156, -245.233, 0, 12.9012 )
shape = SubResource( 1 )

[node name="trees" type="Spatial" parent="."]

[node name="tree1" parent="trees" instance=ExtResource( 29 )]
transform = Transform( 1, 0, 0, 0, 1, 0, 0, 0, 1, 165.21, 0, 247.523 )

[node name="tree1_2" parent="trees" instance=ExtResource( 29 )]
transform = Transform( 0.630757, 0, 0.77598, 0, 1, 0, -0.77598, 0, 0.630757, 129.819, 0, 242.366 )

[node name="tree1_3" parent="trees" instance=ExtResource( 29 )]
transform = Transform( 0.630757, 0, 0.77598, 0, 1, 0, -0.77598, 0, 0.630757, 85.169, 0, 249.045 )

[node name="tree1_4" parent="trees" instance=ExtResource( 29 )]
transform = Transform( -0.357064, 0, 0.93408, 0, 1, 0, -0.93408, 0, -0.357064, 80.6863, 0, 246.594 )

[node name="tree1_5" parent="trees" instance=ExtResource( 29 )]
transform = Transform( -0.357064, 0, 0.93408, 0, 1, 0, -0.93408, 0, -0.357064, 32.4935, 0, 246.594 )

[node name="tree1_6" parent="trees" instance=ExtResource( 29 )]
transform = Transform( -0.357064, 0, 0.93408, 0, 1, 0, -0.93408, 0, -0.357064, 44.5741, 0, 246.594 )

[node name="tree1_7" parent="trees" instance=ExtResource( 29 )]
transform = Transform( -0.357064, 0, 0.93408, 0, 1, 0, -0.93408, 0, -0.357064, 38.7503, 0, 257.503 )

[node name="tree1_8" parent="trees" instance=ExtResource( 29 )]
transform = Transform( -0.357064, 0, 0.93408, 0, 1, 0, -0.93408, 0, -0.357064, -5.45173, 0, 250.492 )

[node name="tree1_9" parent="trees" instance=ExtResource( 29 )]
transform = Transform( -0.972068, 0, 0.234701, 0, 1, 0, -0.234701, 0, -0.972068, -47.9106, 0, 250.492 )

[node name="tree1_10" parent="trees" instance=ExtResource( 29 )]
transform = Transform( -0.857975, 0, -0.513691, 0, 1, 0, 0.513691, 0, -0.857975, -112.265, 0, 247.109 )

[node name="tree1_11" parent="trees" instance=ExtResource( 29 )]
transform = Transform( -0.857975, 0, -0.513691, 0, 1, 0, 0.513691, 0, -0.857975, -145.524, 0, 247.109 )

[node name="tree1_12" parent="trees" instance=ExtResource( 29 )]
transform = Transform( -0.477067, 0, -0.878867, 0, 1, 0, 0.878867, 0, -0.477067, -162.315, 0, 247.109 )

[node name="tree1_13" parent="trees" instance=ExtResource( 29 )]
transform = Transform( -0.477067, 0, -0.878867, 0, 1, 0, 0.878867, 0, -0.477067, -162.315, 0, 253.373 )

[node name="tree1_14" parent="trees" instance=ExtResource( 29 )]
transform = Transform( -0.477067, 0, -0.878867, 0, 1, 0, 0.878867, 0, -0.477067, -199.12, 0, 250.911 )

[node name="tree1_15" parent="trees" instance=ExtResource( 29 )]
transform = Transform( -0.477067, 0, -0.878867, 0, 1, 0, 0.878867, 0, -0.477067, -65.6696, 0, 184.322 )

[node name="tree1_16" parent="trees" instance=ExtResource( 29 )]
transform = Transform( 0.0726464, 0, -0.997358, 0, 1, 0, 0.997358, 0, 0.0726464, -26.2637, 0, 180.307 )

[node name="tree1_17" parent="trees" instance=ExtResource( 29 )]
transform = Transform( 0.0726464, 0, -0.997358, 0, 1, 0, 0.997358, 0, 0.0726464, 7.8678, 0, 180.307 )

[node name="tree1_18" parent="trees" instance=ExtResource( 29 )]
transform = Transform( 0.762013, 0, -0.647561, 0, 1, 0, 0.647561, 0, 0.762013, 14.3665, 0, 174.39 )

[node name="tree1_19" parent="trees" instance=ExtResource( 29 )]
transform = Transform( 0.762013, 0, -0.647561, 0, 1, 0, 0.647561, 0, 0.762013, 44.5183, 0, 174.39 )

[node name="tree1_20" parent="trees" instance=ExtResource( 29 )]
transform = Transform( 0.393669, 0, -0.919252, 0, 1, 0, 0.919252, 0, 0.393669, 57.5226, 0, 183.546 )

[node name="tree1_21" parent="trees" instance=ExtResource( 29 )]
transform = Transform( 0.970114, 0, -0.24265, 0, 1, 0, 0.24265, 0, 0.970114, 57.5226, 0, 168.468 )

[node name="tree1_22" parent="trees" instance=ExtResource( 29 )]
transform = Transform( 0.970114, 0, -0.24265, 0, 1, 0, 0.24265, 0, 0.970114, 90.3354, 0, 168.468 )

[node name="tree1_27" parent="trees" instance=ExtResource( 29 )]
transform = Transform( 0.970114, 0, -0.24265, 0, 1, 0, 0.24265, 0, 0.970114, 252.673, 0, 199.246 )

[node name="tree1_28" parent="trees" instance=ExtResource( 29 )]
transform = Transform( 0.693314, 0, 0.720636, 0, 1, 0, -0.720636, 0, 0.693314, 252.673, 0, 167.522 )

[node name="tree1_29" parent="trees" instance=ExtResource( 29 )]
transform = Transform( -0.0599336, 0, 0.998202, 0, 1, 0, -0.998202, 0, -0.0599336, 252.673, 0, 134.442 )

[node name="tree1_30" parent="trees" instance=ExtResource( 29 )]
transform = Transform( -0.684076, 0, 0.72941, 0, 1, 0, -0.72941, 0, -0.684076, 252.673, 0, 108.775 )

[node name="tree1_31" parent="trees" instance=ExtResource( 29 )]
transform = Transform( -0.932071, 0, 0.362275, 0, 1, 0, -0.362275, 0, -0.932071, 252.673, 0, 46.047 )

[node name="tree1_32" parent="trees" instance=ExtResource( 29 )]
transform = Transform( -0.932071, 0, 0.362275, 0, 1, 0, -0.362275, 0, -0.932071, 246.955, 0, 67.4142 )

[node name="tree1_33" parent="trees" instance=ExtResource( 29 )]
transform = Transform( -0.932071, 0, 0.362275, 0, 1, 0, -0.362275, 0, -0.932071, 253.018, 0, 86.6059 )

[node name="tree1_34" parent="trees" instance=ExtResource( 29 )]
transform = Transform( -0.932071, 0, 0.362275, 0, 1, 0, -0.362275, 0, -0.932071, 253.018, 0, 122.081 )

[node name="tree1_35" parent="trees" instance=ExtResource( 29 )]
transform = Transform( -0.932071, 0, 0.362275, 0, 1, 0, -0.362275, 0, -0.932071, 253.018, 0, 185.456 )

[node name="tree1_23" parent="trees" instance=ExtResource( 29 )]
transform = Transform( 0.970114, 0, -0.24265, 0, 1, 0, 0.24265, 0, 0.970114, 87.9667, 0, 182.659 )

[node name="tree1_24" parent="trees" instance=ExtResource( 29 )]
transform = Transform( 0.970114, 0, -0.24265, 0, 1, 0, 0.24265, 0, 0.970114, -218.033, 0, 203.346 )

[node name="tree1_25" parent="trees" instance=ExtResource( 29 )]
transform = Transform( 0.977933, 0, 0.208919, 0, 1, 0, -0.208919, 0, 0.977933, -218.033, 0, 235.437 )

[node name="tree1_26" parent="trees" instance=ExtResource( 29 )]
transform = Transform( 0.977933, 0, 0.208919, 0, 1, 0, -0.208919, 0, 0.977933, -218.033, 0, 150.335 )

[node name="checkpoints" type="Spatial" parent="."]

[node name="checkpoint_0" parent="checkpoints" instance=ExtResource( 1 )]
transform = Transform( 1, 0, 0, 0, 1, 0, 0, 0, 1, 0, 0, -79.0649 )

[node name="checkpoint_1" parent="checkpoints" instance=ExtResource( 1 )]
transform = Transform( 1, 0, 0, 0, 1, 0, 0, 0, 1, -164.318, 0, -12.4706 )

[node name="checkpoint_2" parent="checkpoints" instance=ExtResource( 1 )]
transform = Transform( -0.678403, 0, -0.73469, 0, 1, 0, 0.73469, 0, -0.678403, 68.0939, 0, -181.893 )

[node name="checkpoint_3" parent="checkpoints" instance=ExtResource( 1 )]
transform = Transform( 0.124502, 0, -0.992219, 0, 1, 0, 0.992219, 0, 0.124502, -4.49183, 0, 214.068 )

[node name="pickups" parent="." instance=ExtResource( 9 )]

[node name="pickup" parent="pickups" instance=ExtResource( 8 )]
transform = Transform( 1, 0, 0, 0, 1, 0, 0, 0, 1, 0, 0, -113.127 )

[node name="pickup_2" parent="pickups" instance=ExtResource( 8 )]
transform = Transform( 1, 0, 0, 0, 1, 0, 0, 0, 1, -64.2676, 0, -34.2683 )

[node name="pickup_3" parent="pickups" instance=ExtResource( 8 )]
transform = Transform( 1, 0, 0, 0, 1, 0, 0, 0, 1, -157.908, 0, 40.8164 )

[node name="pickup_4" parent="pickups" instance=ExtResource( 8 )]
transform = Transform( 1, 0, 0, 0, 1, 0, 0, 0, 1, -129.738, 0, -119.263 )

[node name="pickup_5" parent="pickups" instance=ExtResource( 8 )]
transform = Transform( 1, 0, 0, 0, 1, 0, 0, 0, 1, 28.1529, 0, -182.827 )

[node name="pickup_6" parent="pickups" instance=ExtResource( 8 )]
transform = Transform( 1, 0, 0, 0, 1, 0, 0, 0, 1, 157.456, 0, -111.003 )

[node name="pickup_7" parent="pickups" instance=ExtResource( 8 )]
transform = Transform( 1, 0, 0, 0, 1, 0, 0, 0, 1, 68.5137, 0, -49.1836 )

[node name="pickup_8" parent="pickups" instance=ExtResource( 8 )]
transform = Transform( 1, 0, 0, 0, 1, 0, 0, 0, 1, 94.8219, 0, 49.3471 )

[node name="pickup_9" parent="pickups" instance=ExtResource( 8 )]
transform = Transform( 1, 0, 0, 0, 1, 0, 0, 0, 1, 186.492, 0, 120.761 )

[node name="pickup_10" parent="pickups" instance=ExtResource( 8 )]
transform = Transform( 1, 0, 0, 0, 1, 0, 0, 0, 1, 72.9436, 0, 210.993 )

[node name="pickup_11" parent="pickups" instance=ExtResource( 8 )]
transform = Transform( 1, 0, 0, 0, 1, 0, 0, 0, 1, -2.11018, 0, 219.94 )

[node name="pickup_12" parent="pickups" instance=ExtResource( 8 )]
transform = Transform( 1, 0, 0, 0, 1, 0, 0, 0, 1, -114.464, 0, 219.94 )

[node name="pickup_13" parent="pickups" instance=ExtResource( 8 )]
transform = Transform( 1, 0, 0, 0, 1, 0, 0, 0, 1, -108.689, 0, 150.747 )

[node name="pickup_14" parent="pickups" instance=ExtResource( 8 )]
transform = Transform( 1, 0, 0, 0, 1, 0, 0, 0, 1, -17.6306, 0, 150.747 )

[node name="obstacles" type="Spatial" parent="."]

[node name="barrel" parent="obstacles" instance=ExtResource( 10 )]
transform = Transform( 1, 0, 0, 0, 1, 0, 0, 0, 1, 178.462, 0, 81.2367 )

[node name="barrel_2" parent="obstacles" instance=ExtResource( 10 )]
transform = Transform( 1, 0, 0, 0, 1, 0, 0, 0, 1, 35.1373, 0, 214.657 )

[node name="barrel_3" parent="obstacles" instance=ExtResource( 10 )]
transform = Transform( 1, 0, 0, 0, 1, 0, 0, 0, 1, 35.1373, 0, 229.698 )

[node name="barrel_4" parent="obstacles" instance=ExtResource( 10 )]
transform = Transform( 1, 0, 0, 0, 1, 0, 0, 0, 1, -150.082, 0, 190.061 )

[node name="barrel_5" parent="obstacles" instance=ExtResource( 10 )]
transform = Transform( 1, 0, 0, 0, 1, 0, 0, 0, 1, -75.6332, 0, 133.778 )

[node name="cone" parent="obstacles" instance=ExtResource( 11 )]
transform = Transform( 1, 0, 0, 0, 1, 0, 0, 0, 1, 14.4887, 0, -131.472 )

[node name="cone_2" parent="obstacles" instance=ExtResource( 11 )]
transform = Transform( 1, 0, 0, 0, 1, 0, 0, 0, 1, 18.0129, 0, -127.821 )

[node name="cone_3" parent="obstacles" instance=ExtResource( 11 )]
transform = Transform( 1, 0, 0, 0, 1, 0, 0, 0, 1, 20.6501, 0, -123.378 )

[node name="statue" parent="obstacles" instance=ExtResource( 5 )]
transform = Transform( 1, 0, 0, 0, 1, 0, 0, 0, 1, -34.9603, -19.5119, 43.6103 )

[node name="mesh_instance" type="MeshInstance" parent="obstacles/statue"]
transform = Transform( 16.5554, 0, 0, 0, 0.243233, 0, 0, 0, 16.2563, 0, 0, 0 )
material_override = ExtResource( 4 )
mesh = SubResource( 47 )

[node name="city_light" parent="obstacles" instance=ExtResource( 30 )]
transform = Transform( 1, 0, 0, 0, 1, 0, 0, 0, 1, 208.554, 0, 234.198 )

[node name="city_light_2" parent="obstacles" instance=ExtResource( 30 )]
transform = Transform( 1, 0, 0, 0, 1, 0, 0, 0, 1, 160.771, 0, 234.198 )

[node name="city_light_3" parent="obstacles" instance=ExtResource( 30 )]
transform = Transform( 1, 0, 0, 0, 1, 0, 0, 0, 1, 88.61, 0, 235.839 )

[node name="city_light_4" parent="obstacles" instance=ExtResource( 30 )]
transform = Transform( 1, 0, 0, 0, 1, 0, 0, 0, 1, 2.22961, 0, 235.839 )

[node name="city_light_5" parent="obstacles" instance=ExtResource( 30 )]
transform = Transform( 1, 0, 0, 0, 1, 0, 0, 0, 1, -57.3923, 0, 238.885 )

[node name="city_light_6" parent="obstacles" instance=ExtResource( 30 )]
transform = Transform( 1, 0, 0, 0, 1, 0, 0, 0, 1, -138.326, 0, 238.885 )

[node name="city_light_7" parent="obstacles" instance=ExtResource( 30 )]
transform = Transform( 1, 0, 0, 0, 1, 0, 0, 0, 1, -210.242, 0, 238.885 )

[node name="city_light_8" parent="obstacles" instance=ExtResource( 30 )]
transform = Transform( 1, 0, 0, 0, 1, 0, 0, 0, 1, -210.242, 0, 186.885 )

[node name="city_light_9" parent="obstacles" instance=ExtResource( 30 )]
transform = Transform( 1, 0, 0, 0, 1, 0, 0, 0, 1, -213.723, 0, 139.987 )

[node name="city_light_big" parent="obstacles" instance=ExtResource( 28 )]
transform = Transform( -0.999981, 0, -0.00624824, 0, 1, 0, 0.00624824, 0, -0.999981, 49.4009, 0, -80.7634 )

[node name="city_light_big_2" parent="obstacles" instance=ExtResource( 28 )]
transform = Transform( -0.999981, 0, -0.00624824, 0, 1, 0, 0.00624824, 0, -0.999981, 49.4009, 0, -28.6108 )

[node name="city_light_big_3" parent="obstacles" instance=ExtResource( 28 )]
transform = Transform( -0.999981, 0, -0.00624824, 0, 1, 0, 0.00624824, 0, -0.999981, 49.4009, 0, 33.6121 )

[node name="city_light_big_4" parent="obstacles" instance=ExtResource( 28 )]
transform = Transform( 0.998895, 0, 0.0470019, 0, 1, 0, -0.0470019, 0, 0.998895, 103.629, 0, -32.152 )

[node name="city_light_big_5" parent="obstacles" instance=ExtResource( 28 )]
transform = Transform( 0.059707, 0, 0.998216, 0, 1, 0, -0.998216, 0, 0.059707, 154.981, 0, 22.6187 )

[node name="city_light_big_6" parent="obstacles" instance=ExtResource( 28 )]
transform = Transform( -0.101473, 0, -0.994838, 0, 1, 0, 0.994838, 0, -0.101473, 154.981, 0, 97.0709 )

[node name="city_light_big_7" parent="obstacles" instance=ExtResource( 28 )]
transform = Transform( -0.101473, 0, -0.994838, 0, 1, 0, 0.994838, 0, -0.101473, 154.981, 0, 97.0709 )

[node name="barricade" parent="obstacles" instance=ExtResource( 31 )]
transform = Transform( 0.000139626, 0, -2, 0, 2, 0, 2, 0, 0.000139626, 23.9313, 0, -102.563 )

[node name="barricade_2" parent="obstacles" instance=ExtResource( 31 )]
transform = Transform( 0.000139626, 0, -2, 0, 2, 0, 2, 0, 0.000139626, 23.9313, 0, -111.814 )

[node name="barricade_3" parent="obstacles" instance=ExtResource( 31 )]
transform = Transform( 0.000139626, 0, -2, 0, 2, 0, 2, 0, 0.000139626, 23.9313, 0, -122.527 )

[node name="barricade_4" parent="obstacles" instance=ExtResource( 31 )]
transform = Transform( 0.000139626, 0, -2, 0, 2, 0, 2, 0, 0.000139626, 52.6805, 0, -102.563 )

[node name="barricade_5" parent="obstacles" instance=ExtResource( 31 )]
transform = Transform( 0.000139626, 0, -2, 0, 2, 0, 2, 0, 0.000139626, 52.6805, 0, -111.814 )

[node name="barricade_6" parent="obstacles" instance=ExtResource( 31 )]
transform = Transform( 0.000139626, 0, -2, 0, 2, 0, 2, 0, 0.000139626, 52.6805, 0, -122.527 )

[node name="arrow_sign" parent="obstacles" instance=ExtResource( 32 )]
transform = Transform( -0.625937, 0, 0.779874, 0, 1, 0, -0.779874, 0, -0.625937, -55.158, 0.203351, -138.141 )

[node name="arrow_sign_4" parent="obstacles" instance=ExtResource( 32 )]
transform = Transform( -0.999445, 0, 0.0333122, 0, 1, 0, -0.0333122, 0, -0.999445, -79.5388, 0.203351, -88.84 )

[node name="arrow_sign_5" parent="obstacles" instance=ExtResource( 32 )]
transform = Transform( -0.0570238, 0, 0.998373, 0, 1, 0, -0.998373, 0, -0.0570238, -79.5388, 0.203351, 83.1942 )

[node name="arrow_sign_6" parent="obstacles" instance=ExtResource( 32 )]
transform = Transform( 0.999183, 0, 0.0404108, 0, 1, 0, -0.0404108, 0, 0.999183, -185.536, 0.203351, 42.3175 )

[node name="arrow_sign_7" parent="obstacles" instance=ExtResource( 32 )]
transform = Transform( 0.000959724, 0, -1, 0, 1, 0, 1, 0, 0.000959724, -167.252, 0.203351, -44.7719 )

[node name="arrow_sign_8" parent="obstacles" instance=ExtResource( 32 )]
transform = Transform( 0.981222, 0, -0.192882, 0, 1, 0, 0.192882, 0, 0.981222, -108.356, 0.203351, -44.7719 )

[node name="arrow_sign_9" parent="obstacles" instance=ExtResource( 32 )]
transform = Transform( -0.0187439, 0, -0.999824, 0, 1, 0, 0.999824, 0, -0.0187439, -102.197, 0.203351, -212.926 )

[node name="arrow_sign_10" parent="obstacles" instance=ExtResource( 32 )]
transform = Transform( -0.0187439, 0, -0.999824, 0, 1, 0, 0.999824, 0, -0.0187439, -39.7272, 0.203351, -212.926 )

[node name="arrow_sign_11" parent="obstacles" instance=ExtResource( 32 )]
transform = Transform( -0.996833, 0, -0.0795202, 0, 1, 0, 0.0795202, 0, -0.996833, 190.81, 0.203351, -173.051 )

[node name="arrow_sign_12" parent="obstacles" instance=ExtResource( 32 )]
transform = Transform( -0.0364691, 0, 0.999335, 0, 1, 0, -0.999335, 0, -0.0364691, 167.363, 0.203351, -84.702 )

[node name="arrow_sign_13" parent="obstacles" instance=ExtResource( 32 )]
transform = Transform( -0.999441, 0, 0.0334171, 0, 1, 0, -0.0334171, 0, -0.999441, 57.2961, 0.203351, -111.165 )

[node name="arrow_sign_14" parent="obstacles" instance=ExtResource( 32 )]
transform = Transform( -0.999441, 0, 0.0334171, 0, 1, 0, -0.0334171, 0, -0.999441, 49.4706, 0.203351, -68.2399 )

[node name="arrow_sign_15" parent="obstacles" instance=ExtResource( 32 )]
transform = Transform( -0.999441, 0, 0.0334171, 0, 1, 0, -0.0334171, 0, -0.999441, 49.4706, 0.203351, -68.2399 )

[node name="arrow_sign_16" parent="obstacles" instance=ExtResource( 32 )]
transform = Transform( 0.00242571, 0, -0.999997, 0, 1, 0, 0.999997, 0, 0.00242571, 75.387, 0.203351, 99.1389 )

[node name="arrow_sign_17" parent="obstacles" instance=ExtResource( 32 )]
transform = Transform( -0.988923, 0, -0.14843, 0, 1, 0, 0.14843, 0, -0.988923, 243.224, 0.203351, 99.1389 )

[node name="arrow_sign_18" parent="obstacles" instance=ExtResource( 32 )]
transform = Transform( 0.0411087, 0, 0.999155, 0, 1, 0, -0.999155, 0, 0.0411087, 217.633, 0.203351, 236.015 )

[node name="arrow_sign_19" parent="obstacles" instance=ExtResource( 32 )]
transform = Transform( 0.998383, 0, -0.05685, 0, 1, 0, 0.05685, 0, 0.998383, -213.349, 0.203351, 219.382 )

[node name="arrow_sign_20" parent="obstacles" instance=ExtResource( 32 )]
transform = Transform( 0.0397303, 0, -0.99921, 0, 1, 0, 0.99921, 0, 0.0397303, -187.472, 1.10409, 128.049 )

[node name="arrow_sign_21" parent="obstacles" instance=ExtResource( 32 )]
transform = Transform( 0.998338, 0, -0.0576341, 0, 1, 0, 0.0576341, 0, 0.998338, 26.0582, 1.10409, 143.227 )

[node name="arrow_sign_2" parent="obstacles" instance=ExtResource( 32 )]
transform = Transform( 0.0524231, 0, 0.998625, 0, 1, 0, -0.998625, 0, 0.0524231, -1.46004, 0.203351, -134.076 )

[node name="arrow_sign_3" parent="obstacles" instance=ExtResource( 32 )]
transform = Transform( 0.0524231, 0, 0.998625, 0, 1, 0, -0.998625, 0, 0.0524231, -14.9736, 0.203351, -134.076 )

[node name="fance" parent="obstacles" instance=ExtResource( 33 )]
transform = Transform( 1, 0, 0, 0, 1, 0, 0, 0, 1, 197.431, 2.15674, 238.834 )

[node name="fance_2" parent="obstacles" instance=ExtResource( 33 )]
transform = Transform( 0.0230537, 0, 0.999734, 0, 1, 0, -0.999734, 0, 0.0230537, 245.156, 2.15674, 209.661 )

[node name="fance_3" parent="obstacles" instance=ExtResource( 33 )]
transform = Transform( 1, 0, 0, 0, 1, 0, 0, 0, 1, 169.431, 2.15674, 238.834 )

[node name="fance_4" parent="obstacles" instance=ExtResource( 33 )]
transform = Transform( 1, 0, 0, 0, 1, 0, 0, 0, 1, 153.418, 2.15674, 238.834 )

[node name="fance_5" parent="obstacles" instance=ExtResource( 33 )]
transform = Transform( 1, 0, 0, 0, 1, 0, 0, 0, 1, 135.864, 2.15674, 238.834 )

[node name="fance_6" parent="obstacles" instance=ExtResource( 33 )]
transform = Transform( 1, 0, 0, 0, 1, 0, 0, 0, 1, 100.864, 2.15674, 238.834 )

[node name="fance_21" parent="obstacles" instance=ExtResource( 33 )]
transform = Transform( 1, 0, 0, 0, 1, 0, 0, 0, 1, 54.8636, 2.15674, 184.73 )

[node name="fance_22" parent="obstacles" instance=ExtResource( 33 )]
transform = Transform( 1, 0, 0, 0, 1, 0, 0, 0, 1, 8.86365, 2.15674, 184.73 )

[node name="fance_23" parent="obstacles" instance=ExtResource( 33 )]
transform = Transform( 1, 0, 0, 0, 1, 0, 0, 0, 1, -26.9239, 2.15674, 184.73 )

[node name="fance_24" parent="obstacles" instance=ExtResource( 33 )]
transform = Transform( 1, 0, 0, 0, 1, 0, 0, 0, 1, -61.6339, 2.15674, 184.73 )

[node name="fance_29" parent="obstacles" instance=ExtResource( 33 )]
transform = Transform( 1, 0, 0, 0, 1, 0, 0, 0, 1, -61.6339, 2.15674, 101.625 )

[node name="fance_30" parent="obstacles" instance=ExtResource( 33 )]
transform = Transform( 1, 0, 0, 0, 1, 0, 0, 0, 1, -93.3273, 2.15674, 101.625 )

[node name="fance_31" parent="obstacles" instance=ExtResource( 33 )]
transform = Transform( 1, 0, 0, 0, 1, 0, 0, 0, 1, -122.356, 2.15674, 101.625 )

[node name="fance_32" parent="obstacles" instance=ExtResource( 33 )]
transform = Transform( 1, 0, 0, 0, 1, 0, 0, 0, 1, -146.448, 2.15674, 101.625 )

[node name="fance_7" parent="obstacles" instance=ExtResource( 33 )]
transform = Transform( 1, 0, 0, 0, 1, 0, 0, 0, 1, 76.8643, 2.15674, 238.834 )

[node name="fance_8" parent="obstacles" instance=ExtResource( 33 )]
transform = Transform( 1, 0, 0, 0, 1, 0, 0, 0, 1, 59.2158, 2.15674, 239.829 )

[node name="fance_9" parent="obstacles" instance=ExtResource( 33 )]
transform = Transform( 1, 0, 0, 0, 1, 0, 0, 0, 1, 38.3609, 2.15674, 239.829 )

[node name="fance_10" parent="obstacles" instance=ExtResource( 33 )]
transform = Transform( 1, 0, 0, 0, 1, 0, 0, 0, 1, 21.1104, 2.15674, 240.787 )

[node name="fance_11" parent="obstacles" instance=ExtResource( 33 )]
transform = Transform( 1, 0, 0, 0, 1, 0, 0, 0, 1, 0.110382, 2.15674, 240.787 )

[node name="fance_12" parent="obstacles" instance=ExtResource( 33 )]
transform = Transform( 1, 0, 0, 0, 1, 0, 0, 0, 1, -16.8896, 2.15674, 240.787 )

[node name="fance_13" parent="obstacles" instance=ExtResource( 33 )]
transform = Transform( 0.0386145, 0, -0.999254, 0, 1, 0, 0.999254, 0, 0.0386145, 244.466, 2.15674, 194.912 )

[node name="fance_25" parent="obstacles" instance=ExtResource( 33 )]
transform = Transform( 0.0386145, 0, -0.999254, 0, 1, 0, 0.999254, 0, 0.0386145, 244.466, 2.15674, 175.52 )

[node name="fance_26" parent="obstacles" instance=ExtResource( 33 )]
transform = Transform( 0.0386145, 0, -0.999254, 0, 1, 0, 0.999254, 0, 0.0386145, 244.466, 2.15674, 155.085 )

[node name="fance_27" parent="obstacles" instance=ExtResource( 33 )]
transform = Transform( 0.0386145, 0, -0.999254, 0, 1, 0, 0.999254, 0, 0.0386145, 244.466, 2.15674, 134.085 )

[node name="fance_28" parent="obstacles" instance=ExtResource( 33 )]
transform = Transform( 0.0386145, 0, -0.999254, 0, 1, 0, 0.999254, 0, 0.0386145, 244.466, 2.15674, 116.085 )

[node name="fance_14" parent="obstacles" instance=ExtResource( 33 )]
transform = Transform( 1, 0, 0, 0, 1, 0, 0, 0, 1, -46.9416, 2.15674, 240.787 )

[node name="fance_15" parent="obstacles" instance=ExtResource( 33 )]
transform = Transform( 1, 0, 0, 0, 1, 0, 0, 0, 1, -65.8286, 2.15674, 241.676 )

[node name="fance_16" parent="obstacles" instance=ExtResource( 33 )]
transform = Transform( 1, 0, 0, 0, 1, 0, 0, 0, 1, -86.8286, 2.15674, 241.676 )

[node name="fance_17" parent="obstacles" instance=ExtResource( 33 )]
transform = Transform( 1, 0, 0, 0, 1, 0, 0, 0, 1, -107.52, 2.15674, 241.676 )

[node name="fance_18" parent="obstacles" instance=ExtResource( 33 )]
transform = Transform( 1, 0, 0, 0, 1, 0, 0, 0, 1, -134.481, 2.15674, 242.709 )

[node name="fance_19" parent="obstacles" instance=ExtResource( 33 )]
transform = Transform( 1, 0, 0, 0, 1, 0, 0, 0, 1, -165.03, 2.15674, 242.709 )

[node name="fance_20" parent="obstacles" instance=ExtResource( 33 )]
transform = Transform( 1, 0, 0, 0, 1, 0, 0, 0, 1, -193.546, 2.15674, 242.709 )

[node name="booster_pad" type="Spatial" parent="."]

[node name="boost_pad_2" parent="booster_pad" instance=ExtResource( 13 )]

[node name="coins" type="Spatial" parent="."]

[node name="coin" parent="coins" instance=ExtResource( 6 )]
transform = Transform( 1, 0, 0, 0, 1, 0, 0, 0, 1, 187.262, 1.31387, -164.407 )

[node name="road_path" type="Path" parent="."]
curve = SubResource( 51 )

[node name="fence" type="Spatial" parent="."]

[node name="curve" type="Spatial" parent="fence"]
transform = Transform( 1, 0, 0, 0, 1, 0, 0, 0, 1, -229.683, -37.8359, -167.849 )

[node name="csg_polygon" type="CSGPolygon" parent="fence/curve"]
polygon = PoolVector2Array( 0, 0, -0.0366058, 1.47268, 0.318405, 0.308957, 1, 0 )
mode = 2
path_node = NodePath("../path")
path_interval_type = 0
path_interval = 1.0
path_simplify_angle = 0.0
path_rotation = 2
path_local = true
path_continuous_u = true
path_u_distance = 1.0
path_joined = false
material = SubResource( 28 )

[node name="path" type="Path" parent="fence/curve"]
curve = SubResource( 27 )

[node name="roads" type="Spatial" parent="."]

[node name="pavments" type="Spatial" parent="roads"]

[node name="pavment" parent="roads/pavments" instance=ExtResource( 7 )]
transform = Transform( 1, 0, 0, 0, 1, 0, 0, 0, 5.49317, 33.6538, 0, 0 )

[node name="pavment_2" parent="roads/pavments" instance=ExtResource( 7 )]
transform = Transform( 1, 0, 0, 0, 1, 0, 0, 0, 6.15245, -30.3002, 0, 20.3712 )

[node name="pavment_4" parent="roads/pavments" instance=ExtResource( 7 )]
transform = Transform( 1, 0, 0, 0, 1, 0, 0, 0, 3.91152, -92.6785, 0, -84.2104 )

[node name="pavment_5" parent="roads/pavments" instance=ExtResource( 7 )]
transform = Transform( 0.0124962, 0, -2.12167, 0, 1, 0, 0.999922, 0, 0.026515, -112.023, 0, 1.82044 )

[node name="pavment_6" parent="roads/pavments" instance=ExtResource( 7 )]
transform = Transform( 0.0168384, 0, -4.71952, 0, 1, 0, 1.34738, 0, 0.0589808, -129.309, 0, 105.572 )

[node name="pavment_7" parent="roads/pavments" instance=ExtResource( 7 )]
transform = Transform( -0.999895, 0, -0.0595312, 0, 1, 0, 0.0144857, 0, -4.10922, -198.429, 0, 29.1288 )

[node name="pavment_8" parent="roads/pavments" instance=ExtResource( 7 )]
transform = Transform( -1.89943, 0, -0.0534552, 0, 1, 0, 0.0275174, 0, -3.68981, -182.803, 0, -102.183 )

[node name="pavment_9" parent="roads/pavments" instance=ExtResource( 7 )]
transform = Transform( -2.63941, 0, -0.0344951, 0, 1, 0, 0.0382377, 0, -2.38107, -168.742, 0, -207.731 )

[node name="pavment_10" parent="roads/pavments" instance=ExtResource( 7 )]
transform = Transform( -5.83013, 0, -0.0154802, 0, 1, 0, 0.0844625, 0, -1.06854, -23.0916, 0, -231.646 )

[node name="pavment_11" parent="roads/pavments" instance=ExtResource( 7 )]
transform = Transform( -4.19967, 0, -0.0240671, 0, 1, 0, 0.0608417, 0, -1.66126, 152.348, 0, -224.678 )

[node name="pavment_13" parent="roads/pavments" instance=ExtResource( 7 )]
transform = Transform( -1.75923, 0, -0.0456045, 0, 1, 0, 0.0254864, 0, -3.14791, 220.702, 0, -141.937 )

[node name="pavment_14" parent="roads/pavments" instance=ExtResource( 7 )]
transform = Transform( -4.31799, 0, -0.0456045, 0, 1, 0, 0.0625557, 0, -3.14791, 175.596, 0, -31.8495 )

[node name="pavment_15" parent="roads/pavments" instance=ExtResource( 7 )]
transform = Transform( -4.31799, 0, -0.0272259, 0, 1, 0, 0.0625557, 0, -1.8793, 92.934, 0, 128.31 )

[node name="pavment_17" parent="roads/pavments" instance=ExtResource( 7 )]
transform = Transform( -14.7422, 0, -0.0226097, 0, 1, 0, 0.213574, 0, -1.56067, 0.640404, 0, 262.949 )

[node name="pavment_19" parent="roads/pavments" instance=ExtResource( 7 )]
transform = Transform( -0.304225, 0, 1.56053, 0, 1, 0, -15.4236, 0, -0.0307809, -239.936, 0, 23.519 )

[node name="pavment_18" parent="roads/pavments" instance=ExtResource( 7 )]
transform = Transform( -6.67601, 0, -0.0138405, 0, 1, 0, 0.0967169, 0, -0.95536, -0.561607, 0, 179.978 )

[node name="pavment_16" parent="roads/pavments" instance=ExtResource( 7 )]
transform = Transform( -0.743489, 0, -0.0870966, 0, 1, 0, 0.0107711, 0, -6.01195, 252.736, -1.52588e-05, 127.728 )

[node name="pavment_3" parent="roads/pavments" instance=ExtResource( 7 )]
transform = Transform( 0.00954681, 0, 3.8379, 0, 1, 0, -0.999954, 0, 0.0366414, -9.05006, 0, -154.301 )

[node name="pavment_12" parent="roads/pavments" instance=ExtResource( 7 )]
transform = Transform( 0.00954681, 0, 2.84629, 0, 1, 0, -0.999954, 0, 0.0271742, 107.878, 0, -142.537 )

[node name="lines" type="Spatial" parent="roads"]
transform = Transform( 1, 0, 0, 0, 1, 0, 0, 0, 1, 0, 0.1, 0 )

[node name="mesh_instance" type="MeshInstance" parent="roads/lines"]
transform = Transform( 1, 0, 0, 0, 1, 0, 0, 0, 2.95236, 0.68214, 0.1, 0 )
mesh = SubResource( 36 )

[node name="mesh_instance_2" type="MeshInstance" parent="roads/lines"]
transform = Transform( 1, 0, 0, 0, 1, 0, 0, 0, 2.95236, 0.68214, 0.1, -41.4626 )
mesh = SubResource( 36 )

[node name="mesh_instance_3" type="MeshInstance" parent="roads/lines"]
transform = Transform( 1, 0, 0, 0, 1, 0, 0, 0, 2.95236, 0.68214, 0.1, -94.1948 )
mesh = SubResource( 36 )

[node name="mesh_instance_4" type="MeshInstance" parent="roads/lines"]
transform = Transform( 1, 0, 0, 0, 1, 0, 0, 0, 2.95236, -61.3652, 0.1, -94.1948 )
mesh = SubResource( 36 )

[node name="mesh_instance_6" type="MeshInstance" parent="roads/lines"]
transform = Transform( 1, 0, 0, 0, 1, 0, 0, 0, 2.95236, -61.3652, 0.1, -53.1378 )
mesh = SubResource( 36 )

[node name="mesh_instance_7" type="MeshInstance" parent="roads/lines"]
transform = Transform( 1, 0, 0, 0, 1, 0, 0, 0, 2.95236, -61.3652, 0.1, -3.2673 )
mesh = SubResource( 36 )

[node name="mesh_instance_8" type="MeshInstance" parent="roads/lines"]
transform = Transform( -0.000296636, 0, 2.95236, 0, 1, 0, -1, 0, -0.000875778, -89.0982, 0.1, 39.9184 )
mesh = SubResource( 36 )

[node name="mesh_instance_9" type="MeshInstance" parent="roads/lines"]
transform = Transform( -0.000296636, 0, 2.95236, 0, 1, 0, -1, 0, -0.000875778, -133.133, 0.1, 39.9315 )
mesh = SubResource( 36 )

[node name="mesh_instance_10" type="MeshInstance" parent="roads/lines"]
transform = Transform( -0.999842, 0, -0.0524014, 0, 1, 0, 0.017749, 0, -2.95189, -159.078, 0.1, 1.75553 )
mesh = SubResource( 36 )

[node name="mesh_instance_11" type="MeshInstance" parent="roads/lines"]
transform = Transform( -0.999863, 0, -0.0488466, 0, 1, 0, 0.0165449, 0, -2.95196, -122.614, 0.1, -51.6114 )
mesh = SubResource( 36 )

[node name="mesh_instance_12" type="MeshInstance" parent="roads/lines"]
transform = Transform( -0.999993, 0, 0.0110277, 0, 1, 0, -0.00373521, 0, -2.95234, -123.095, 0.1, -81.4527 )
mesh = SubResource( 36 )

[node name="mesh_instance_13" type="MeshInstance" parent="roads/lines"]
transform = Transform( -0.999993, 0, 0.0110277, 0, 1, 0, -0.00373521, 0, -2.95234, -122.924, 0.1, -127.095 )
mesh = SubResource( 36 )

[node name="mesh_instance_14" type="MeshInstance" parent="roads/lines"]
transform = Transform( -0.0177626, -0.0183423, 2.9514, -0.000394376, 0.999832, 0.0541408, -0.999842, -6.85134e-05, -0.0524542, -67.4501, 0.1, -192.831 )
mesh = SubResource( 36 )

[node name="mesh_instance_15" type="MeshInstance" parent="roads/lines"]
transform = Transform( -0.0177626, -0.0183423, 2.9514, -0.000394376, 0.999832, 0.0541408, -0.999842, -6.85134e-05, -0.0524542, -16.5933, 0.1, -193.735 )
mesh = SubResource( 36 )

[node name="mesh_instance_16" type="MeshInstance" parent="roads/lines"]
transform = Transform( -0.0177626, -0.0183423, 2.9514, -0.000394376, 0.999832, 0.0541408, -0.999842, -6.85134e-05, -0.0524542, 44.5929, 0.1, -194.823 )
mesh = SubResource( 36 )

[node name="mesh_instance_5" type="MeshInstance" parent="roads/lines"]
transform = Transform( -0.0298581, 0, 2.95104, 0, 1, 0, -0.999554, 0, -0.0881519, -29.0526, 0.1, -117.398 )
mesh = SubResource( 36 )

[node name="mesh_instance_17" type="MeshInstance" parent="roads/lines"]
transform = Transform( -0.00570716, 0, 2.95231, 0, 1, 0, -0.999984, 0, -0.0168496, 115.369, 0.1, -178.181 )
mesh = SubResource( 36 )

[node name="mesh_instance_18" type="MeshInstance" parent="roads/lines"]
transform = Transform( -0.00570716, 0, 2.95231, 0, 1, 0, -0.999984, 0, -0.0168496, 115.798, 0.1, -102.957 )
mesh = SubResource( 36 )

[node name="mesh_instance_20" type="MeshInstance" parent="roads/lines"]
transform = Transform( -0.999895, 0, 0.0427671, 0, 1, 0, -0.0144857, 0, -2.95205, 73.0591, 0.1, -68.2596 )
mesh = SubResource( 36 )

[node name="mesh_instance_21" type="MeshInstance" parent="roads/lines"]
transform = Transform( -0.999895, 0, 0.0427671, 0, 1, 0, -0.0144857, 0, -2.95205, 71.9604, 0.1, 7.57691 )
mesh = SubResource( 36 )

[node name="mesh_instance_22" type="MeshInstance" parent="roads/lines"]
transform = Transform( 0.0132466, 0, -2.9521, 0, 1, 0, 0.999912, 0, 0.0391087, 136.366, 0.1, 63.9681 )
mesh = SubResource( 36 )

[node name="mesh_instance_23" type="MeshInstance" parent="roads/lines"]
transform = Transform( -0.999559, 0, -0.0876369, 0, 1, 0, 0.0296837, 0, -2.95106, 208.376, 0.1, 112.931 )
mesh = SubResource( 36 )

[node name="mesh_instance_24" type="MeshInstance" parent="roads/lines"]
