[gd_scene load_steps=23 format=2]

[ext_resource path="res://scenes/checkpoint.tscn" type="PackedScene" id=1]
[ext_resource path="res://scenes/forest_terrain.tscn" type="PackedScene" id=2]
[ext_resource path="res://scenes/tree_jungle.tscn" type="PackedScene" id=4]
[ext_resource path="res://textures/clay_floor_001_diff_4k.jpg" type="Texture" id=5]
[ext_resource path="res://scenes/pine_tree.tscn" type="PackedScene" id=6]
[ext_resource path="res://scenes/pickup.tscn" type="PackedScene" id=8]
[ext_resource path="res://scenes/pickups.tscn" type="PackedScene" id=9]
[ext_resource path="res://scenes/barrel.tscn" type="PackedScene" id=10]
[ext_resource path="res://scenes/arrow_sign.tscn" type="PackedScene" id=14]
[ext_resource path="res://scenes/rock1.tscn" type="PackedScene" id=15]
[ext_resource path="res://scenes/hut_jungle.tscn" type="PackedScene" id=16]
[ext_resource path="res://scenes/boost_pad.tscn" type="PackedScene" id=17]
[ext_resource path="res://scripts/map.gd" type="Script" id=18]
[ext_resource path="res://scenes/fance_wood.tscn" type="PackedScene" id=19]
[ext_resource path="res://scenes/coin.tscn" type="PackedScene" id=20]

[sub_resource type="Curve3D" id=23]
_data = {
"points": PoolVector3Array( 0, 0, 0, 0, 0, 0, -0.699615, 0, -38.4479, 0, 0, 0, 0, 0, 0, 29.5702, 0, -106.936, 0, 0, 0, 0, 0, 0, 33.4929, 0, -173.622, 0, 0, 0, 0, 0, 0, 65.8555, -1.52588e-05, -197.649, 0, 0, 0, 0, 0, 0, 89.8822, 0, -169.209, 0, 0, 0, 0, 0, 0, 76.643, 0, -107.426, 0, 0, 0, 0, 0, 0, 90.8628, 0, -76.5349, 0, 0, 0, 0, 0, 0, 142.051, 0, -88.5221, 0, 0, 0, 0, 0, 0, 205.14, -1.52588e-05, -233.658, 0, 0, 0, 0, 0, 0, 179.642, -1.52588e-05, -281.221, 0, 0, 0, 0, 0, 0, 25.1813, -1.52588e-05, -292.445, 0, 0, 0, 0, 0, 0, -121.431, -1.52588e-05, -266.947, 0, 0, 0, 0, 0, 0, -174.388, -1.52588e-05, -211.048, 0, 0, 0, 0, 0, 0, -51.3119, -1.52588e-05, -177.705, 0, 0, 0, 0, 0, 0, -36.6017, 0, -133.574, 0, 0, 0, 0, 0, 0, -131.06, 0, -56.6864, 0, 0, 0, 0, 0, 0, -160.971, 0, 13.9227, 0, 0, 0, 0, 0, 0, -111.608, 0, 64.3608, 0, 0, 0, 0, 0, 0, -62.0832, 0, 132.518, 0, 0, 0, 0, 0, 0, 133.073, 0, 157.035, 0, 0, 0, 0, 0, 0, 197.307, 0, 74.6579, 0, 0, 0, 0, 0, 0, 169.358, 0, 23.1721, 0, 0, 0, 0, 0, 0, 115.42, 0, 85.9358, 0, 0, 0, 0, 0, 0, 28.63, 0, 93.2909, 0, 0, 0, 0, 0, 0, 1.26173, 0, 15.4897, 0, 0, 0, 0, 0, 0, -0.699615, 0, -38.4479 ),
"tilts": PoolRealArray( 0, 0, 0, 0, 0, 0, 0, 0, 0, 0, 0, 0, 0, 0, 0, 0, 0, 0, 0, 0, 0, 0, 0, 0, 0, 0 )
}

[sub_resource type="BoxShape" id=14]
extents = Vector3( 254.794, 1, 255.262 )

[sub_resource type="SpatialMaterial" id=21]
albedo_color = Color( 0.745098, 0.486275, 0.384314, 1 )
albedo_texture = ExtResource( 5 )
metallic_specular = 0.0
uv1_scale = Vector3( 20, 20, 20 )
uv1_triplanar = true

[sub_resource type="PlaneMesh" id=22]

[sub_resource type="BoxShape" id=18]
extents = Vector3( 245.979, 37.1058, 8.4748 )

[sub_resource type="BoxShape" id=19]
extents = Vector3( 258.28, 26.5216, 10.9333 )

[sub_resource type="BoxShape" id=20]
extents = Vector3( 268.352, 40.1062, 7.0359 )

[node name="map_forest" type="Spatial"]
script = ExtResource( 18 )
trails_color = Color( 0.654902, 0.494118, 0.262745, 1 )

[node name="rocks" type="Spatial" parent="."]

[node name="rock1" parent="rocks" instance=ExtResource( 15 )]
transform = Transform( 6.34117, -3.99578, 0, 3.80323, 6.66221, 0, 0, 0, 10.8247, 56.1868, 3.44765, -111.167 )

[node name="rock1_5" parent="rocks" instance=ExtResource( 15 )]
transform = Transform( 2.5435, 6.22527, -5.29786, -3.47513, 4.647, 7.02612, 6.01075, 0.052393, 6.304, 56.1868, -0.829803, -152.165 )

[node name="rock1_3" parent="rocks" instance=ExtResource( 15 )]
transform = Transform( -6.70159, -3.27111, -0.387046, -3.09852, 7.04177, -0.569927, 0.403578, -0.254308, -10.8028, 76.8234, 9.27993, -28.0991 )

[node name="rock1_6" parent="rocks" instance=ExtResource( 15 )]
transform = Transform( -6.70159, -3.27111, -0.387046, -3.09852, 7.04177, -0.569927, 0.403578, -0.254308, -10.8028, 76.8234, 1.77298, 65.5594 )

[node name="rock1_8" parent="rocks" instance=ExtResource( 15 )]
transform = Transform( -6.70159, -3.27111, -0.387046, -3.09852, 7.04177, -0.569927, 0.403578, -0.254308, -10.8028, 173.773, 1.77298, 65.5594 )

[node name="rock1_9" parent="rocks" instance=ExtResource( 15 )]
transform = Transform( -6.70159, -3.27111, -0.387046, -3.09852, 7.04177, -0.569927, 0.403578, -0.254308, -10.8028, 139.138, 1.77298, 106.68 )

[node name="rock1_10" parent="rocks" instance=ExtResource( 15 )]
transform = Transform( -2.79801, 4.68613, 7.60002, -1.65145, 5.25617, -7.59538, -6.6422, -3.28087, -1.31305, 132.123, -0.509872, 128.016 )

[node name="rock1_7" parent="rocks" instance=ExtResource( 15 )]
transform = Transform( -1.35569, -1.09745, -10.5308, -6.57365, 3.46625, 1.1123, 3.10229, 6.86528, -2.24499, 76.8234, 12.4178, -9.55001 )

[node name="rock1_37" parent="rocks" instance=ExtResource( 15 )]
transform = Transform( -1.35569, -1.09745, -10.5308, -6.57365, 3.46625, 1.1123, 3.10229, 6.86528, -2.24499, 190.545, 12.4178, 167.63 )

[node name="rock1_38" parent="rocks" instance=ExtResource( 15 )]
transform = Transform( -2.37414, -1.9219, -18.4419, 13.7446, -15.1792, -0.720793, -5.93632, -18.1182, 5.30374, 219.483, 8.58516, 156.507 )

[node name="rock1_39" parent="rocks" instance=ExtResource( 15 )]
transform = Transform( 4.28033, -3.8379, -7.02226, 3.57772, 6.59153, -2.32077, 4.85321, -1.47432, 7.90418, 224.753, 8.58516, 138.349 )

[node name="rock1_11" parent="rocks" instance=ExtResource( 15 )]
transform = Transform( -1.35569, -1.09745, -10.5308, -1.61871, 7.54051, -1.07911, 7.08639, 1.51249, -2.26113, -69.2128, 8.76663, -25.6204 )

[node name="rock1_18" parent="rocks" instance=ExtResource( 15 )]
transform = Transform( -1.35569, -1.09745, -10.5308, -1.61871, 7.54051, -1.07911, 7.08639, 1.51249, -2.26113, -75.6364, 8.76663, -251.892 )

[node name="rock1_19" parent="rocks" instance=ExtResource( 15 )]
transform = Transform( -4.57249, -2.70855, -7.62386, 4.75369, 2.26074, -7.66956, 3.34212, -6.92128, 0.47834, -105.067, 8.76663, -232.554 )

[node name="rock1_20" parent="rocks" instance=ExtResource( 15 )]
transform = Transform( 2.44575, -3.72567, -8.79801, 6.55207, 3.528, 1.00281, 2.40076, -5.833, 6.22603, -121.82, 5.08909, -232.554 )

[node name="rock1_21" parent="rocks" instance=ExtResource( 15 )]
transform = Transform( 5.7012, -4.92664, -0.625262, 1.26961, 0.929834, 10.5849, -4.53425, -5.93422, 2.17766, -34.9014, 8.85143, -232.554 )

[node name="rock1_27" parent="rocks" instance=ExtResource( 15 )]
transform = Transform( 7.26676, 1.40503, 0.416038, -1.36059, 7.59031, 1.16175, -0.134142, -0.874324, 10.7541, 159.386, 8.85143, -232.554 )

[node name="rock1_33" parent="rocks" instance=ExtResource( 15 )]
transform = Transform( 13.8173, 2.67158, 0.791072, -2.80938, 15.6727, 2.39882, -0.310668, -2.02491, 24.9062, 263.507, 13.6338, -156.662 )

[node name="rock1_34" parent="rocks" instance=ExtResource( 15 )]
transform = Transform( 12.5529, -6.33099, 6.70218, 1.77344, 12.1438, 15.3606, -6.17956, -8.32561, 18.5966, 253.9, 6.02903, -189.904 )

[node name="rock1_35" parent="rocks" instance=ExtResource( 15 )]
transform = Transform( 12.5529, -6.33099, 6.70218, 1.77344, 12.1438, 15.3606, -6.17956, -8.32561, 18.5966, 253.854, 12.4522, -305.607 )

[node name="rock1_36" parent="rocks" instance=ExtResource( 15 )]
transform = Transform( -3.19597, -9.53684, 19.6279, 10.6761, -10.018, -6.04567, 8.64373, 8.09679, 14.3142, 253.854, 12.4522, -280.663 )

[node name="rock1_28" parent="rocks" instance=ExtResource( 15 )]
transform = Transform( 7.26676, 1.40503, 0.416038, -1.09972, 6.96637, -4.51211, -0.812286, 3.13798, 9.83066, 137.493, 8.85143, -241.633 )

[node name="rock1_40" parent="rocks" instance=ExtResource( 15 )]
transform = Transform( 7.26676, 1.40503, 0.416038, -1.09972, 6.96637, -4.51211, -0.812286, 3.13798, 9.83066, 18.3853, -0.539459, -261.695 )

[node name="rock1_41" parent="rocks" instance=ExtResource( 15 )]
transform = Transform( 2.05602, 3.43713, 9.22918, -1.09972, 6.96637, -4.51211, -7.01701, -0.0846831, 3.41135, 32.7869, -0.539459, -261.695 )

[node name="rock1_42" parent="rocks" instance=ExtResource( 15 )]
transform = Transform( 7.21429, 0.500143, -2.26902, -1.09972, 6.96637, -4.51211, 1.19146, 3.4016, 9.57426, 100.721, -0.539459, -261.695 )

[node name="rock1_29" parent="rocks" instance=ExtResource( 15 )]
transform = Transform( 7.26676, 1.40503, 0.416038, -1.09972, 6.96637, -4.51211, -0.812286, 3.13798, 9.83066, 141.392, 4.24074, -225.396 )

[node name="rock1_30" parent="rocks" instance=ExtResource( 15 )]
transform = Transform( 7.26676, 1.40503, 0.416038, -1.09972, 6.96637, -4.51211, -0.812286, 3.13798, 9.83066, 125.048, 4.24074, -139.694 )

[node name="rock1_31" parent="rocks" instance=ExtResource( 15 )]
transform = Transform( 3.92507, 3.32528, 7.91761, -1.09972, 6.96637, -4.51211, -6.16923, 0.873837, 5.84178, 125.048, 4.24074, -122.694 )

[node name="rock1_32" parent="rocks" instance=ExtResource( 15 )]
transform = Transform( 2.07229, 7.22139, 2.59281, -3.51016, 2.72749, -8.73642, -6.16923, 0.873837, 5.84178, 115.62, -0.531548, -153.916 )

[node name="rock1_22" parent="rocks" instance=ExtResource( 15 )]
transform = Transform( -1.87195, -6.47983, 5.30497, -3.3639, 4.27056, 7.5838, -6.31308, -0.354151, -5.61403, -41.5122, 5.42997, -241.875 )

[node name="rock1_16" parent="rocks" instance=ExtResource( 15 )]
transform = Transform( 1.02388, -7.43161, -2.77465, -1.84656, 1.68369, -10.2158, 7.08639, 1.51249, -2.26113, -110.234, 8.76663, 1.35399 )

[node name="rock1_23" parent="rocks" instance=ExtResource( 15 )]
transform = Transform( 2.12811, -15.4465, -5.76708, -2.87419, 2.62067, -15.901, 11.317, 2.41545, -3.61103, -195.476, 17.8865, -326.46 )

[node name="rock1_24" parent="rocks" instance=ExtResource( 15 )]
transform = Transform( 10.8794, -5.57536, -5.99849, -4.72243, -8.95426, -13.1463, 0.448066, 11.8336, -9.50442, -182.224, 4.35104, -314.689 )

[node name="rock1_25" parent="rocks" instance=ExtResource( 15 )]
transform = Transform( 7.55903, -6.19008, 10.55, -0.855851, -14.4036, -8.91696, 9.11001, 2.34852, -10.4079, -219.685, 4.35104, -314.689 )

[node name="rock1_17" parent="rocks" instance=ExtResource( 15 )]
transform = Transform( 6.50987, -2.75762, -3.40419, -1.84656, 1.68369, -10.2158, 2.98107, 7.06484, 1.10586, -123.479, 0.411602, 1.35399 )

[node name="rock1_12" parent="rocks" instance=ExtResource( 15 )]
transform = Transform( 7.32904, 1.02489, -0.134944, -0.947571, 7.59943, 1.76736, 0.249444, -1.24479, 10.6786, -66.0989, 6.27563, -35.8843 )

[node name="rock1_13" parent="rocks" instance=ExtResource( 15 )]
transform = Transform( 7.32904, 1.02489, -0.134944, -0.230509, 1.09308, -10.7117, -0.952355, 7.62273, 1.55418, -45.2501, 4.34258, 34.7798 )

[node name="rock1_14" parent="rocks" instance=ExtResource( 15 )]
transform = Transform( 7.32904, 1.02489, -0.134944, -0.571476, 5.06464, 8.16534, 0.795945, -5.80089, 7.10515, -39.0187, 2.89145, 41.0241 )

[node name="rock1_15" parent="rocks" instance=ExtResource( 15 )]
transform = Transform( 7.32904, 1.02489, -0.134944, -0.979001, 7.68977, -0.558831, 0.0408825, 0.410345, 10.8094, -39.0187, 0.221001, 53.5866 )

[node name="rock1_26" parent="rocks" instance=ExtResource( 15 )]
transform = Transform( 7.32904, 1.02489, -0.134944, -0.979001, 7.68977, -0.558831, 0.0408825, 0.410345, 10.8094, -39.0187, 0.221001, 118.761 )

[node name="trees" type="Spatial" parent="."]

[node name="tree_jungle_49" parent="trees" instance=ExtResource( 4 )]
transform = Transform( 1, 0, 0, 0, 1, 0, 0, 0, 1, -138, 0.282653, 0 )

[node name="tree_jungle_50" parent="trees" instance=ExtResource( 4 )]
transform = Transform( 1, 0, 0, 0, 1, 0, 0, 0, 1, -127.306, 0.282653, -13.6963 )

[node name="tree_jungle_51" parent="trees" instance=ExtResource( 4 )]
transform = Transform( 0.0138749, 0, -0.999904, 0, 1, 0, 0.999904, 0, 0.0138749, -110.485, 0.282653, -26.9137 )

[node name="tree_jungle_53" parent="trees" instance=ExtResource( 4 )]
transform = Transform( 0.728407, 0, -0.685145, 0, 1, 0, 0.685145, 0, 0.728407, -87.1433, 0.172482, -52.6585 )

[node name="tree_jungle_54" parent="trees" instance=ExtResource( 4 )]
transform = Transform( 0.995709, 0, 0.0925444, 0, 1, 0, -0.0925444, 0, 0.995709, -87.1433, 1.19801, -45.8988 )

[node name="tree_jungle_2" parent="trees" instance=ExtResource( 4 )]
transform = Transform( 1, 0, 0, 0, 1, 0, 0, 0, 1, 38.7123, 3.06738, 12.7278 )

[node name="tree_jungle_4" parent="trees" instance=ExtResource( 4 )]
transform = Transform( 0.696264, 0, -0.717786, 0, 1, 0, 0.717786, 0, 0.696264, 40.1514, 4.52709, 25.5605 )

[node name="tree_jungle_5" parent="trees" instance=ExtResource( 4 )]
transform = Transform( 0.997118, 0, 0.0758663, 0, 1, 0, -0.0758663, 0, 0.997118, 57.0498, 5.47881, -16.2866 )

[node name="tree_jungle_15" parent="trees" instance=ExtResource( 4 )]
transform = Transform( 0.630703, 0, 0.776024, 0, 1, 0, -0.776024, 0, 0.630703, 100.971, 2.74077, 26.0669 )

[node name="tree_jungle_16" parent="trees" instance=ExtResource( 4 )]
transform = Transform( 0.630703, 0, 0.776024, 0, 1, 0, -0.776024, 0, 0.630703, 149.806, 1.4219, -19.3139 )

[node name="tree_jungle_34" parent="trees" instance=ExtResource( 4 )]
transform = Transform( 0.630703, 0, 0.776024, 0, 1, 0, -0.776024, 0, 0.630703, 149.806, 0.122941, -69.0598 )

[node name="tree_jungle_60" parent="trees" instance=ExtResource( 4 )]
transform = Transform( 0.630703, 0, 0.776024, 0, 1, 0, -0.776024, 0, 0.630703, 204.079, -0.706721, -160.261 )

[node name="tree_jungle_61" parent="trees" instance=ExtResource( 4 )]
transform = Transform( -0.173803, 0, 0.98478, 0, 1, 0, -0.98478, 0, -0.173803, 218.645, 4.79716, -136.505 )

[node name="tree_jungle_35" parent="trees" instance=ExtResource( 4 )]
transform = Transform( 0.960939, 0, -0.276761, 0, 1, 0, 0.276761, 0, 0.960939, 157.263, 2.30614, -206.747 )

[node name="tree_jungle_55" parent="trees" instance=ExtResource( 4 )]
transform = Transform( 0.931837, 0, 0.362877, 0, 1, 0, -0.362877, 0, 0.931837, 139.485, 2.30614, -214.596 )

[node name="tree_jungle_56" parent="trees" instance=ExtResource( 4 )]
transform = Transform( 0.0389807, 0, 0.99924, 0, 1, 0, -0.99924, 0, 0.0389807, 139.485, -0.061717, -180.647 )

[node name="tree_jungle_57" parent="trees" instance=ExtResource( 4 )]
transform = Transform( 0.760553, 0, 0.649276, 0, 1, 0, -0.649276, 0, 0.760553, 139.485, -2.70636, -184.937 )

[node name="tree_jungle_58" parent="trees" instance=ExtResource( 4 )]
transform = Transform( 0.760553, 0, 0.649276, 0, 1, 0, -0.649276, 0, 0.760553, 139.485, 0.0389624, -111.201 )

[node name="tree_jungle_59" parent="trees" instance=ExtResource( 4 )]
transform = Transform( 0.207126, 0, 0.978314, 0, 1, 0, -0.978314, 0, 0.207126, 99.3377, -1.0493, -95.5053 )

[node name="tree_jungle_36" parent="trees" instance=ExtResource( 4 )]
transform = Transform( 0.335073, 0, -0.942192, 0, 1, 0, 0.942192, 0, 0.335073, 159.683, -0.995592, -75.3704 )

[node name="tree_jungle_37" parent="trees" instance=ExtResource( 4 )]
transform = Transform( 0.335073, 0, -0.942192, 0, 1, 0, 0.942192, 0, 0.335073, 92.5158, 0.592919, -59.5302 )

[node name="tree_jungle_38" parent="trees" instance=ExtResource( 4 )]
transform = Transform( 0.335073, 0, -0.942192, 0, 1, 0, 0.942192, 0, 0.335073, 86.2807, 1.87568, -55.0219 )

[node name="tree_jungle_39" parent="trees" instance=ExtResource( 4 )]
transform = Transform( -0.63071, -0.170863, -0.756975, -0.109373, 0.985295, -0.131269, 0.768272, 0, -0.640123, 75.457, 2.57213, -59.6211 )

[node name="tree_jungle_17" parent="trees" instance=ExtResource( 4 )]
transform = Transform( 0.892782, 0, -0.450488, 0, 1, 0, 0.450488, 0, 0.892782, 168.975, 1.4219, -27.1533 )

[node name="tree_jungle_18" parent="trees" instance=ExtResource( 4 )]
transform = Transform( 0.451983, 0, -0.892026, 0, 1, 0, 0.892026, 0, 0.451983, 186.415, 1.4219, -18.3536 )

[node name="tree_jungle_19" parent="trees" instance=ExtResource( 4 )]
transform = Transform( 0.451983, 0, -0.892026, 0, 1, 0, 0.892026, 0, 0.451983, 31.7191, 1.96009, -33.5167 )

[node name="tree_jungle_20" parent="trees" instance=ExtResource( 4 )]
transform = Transform( -0.676503, 0, -0.73644, 0, 1, 0, 0.73644, 0, -0.676503, 28.9757, 1.96009, -37.2046 )

[node name="tree_jungle_21" parent="trees" instance=ExtResource( 4 )]
transform = Transform( -0.0711994, -0.0137998, -0.997367, -0.190278, 0.98173, -2.33199e-09, 0.979145, 0.189777, -0.0725244, 25.8841, 0.408307, -33.839 )

[node name="tree_jungle_40" parent="trees" instance=ExtResource( 4 )]
transform = Transform( -0.0711994, -0.0137998, -0.997367, -0.190278, 0.98173, -2.33199e-09, 0.979145, 0.189777, -0.0725244, -44.9433, 1.39502, -33.839 )

[node name="tree_jungle_41" parent="trees" instance=ExtResource( 4 )]
transform = Transform( -0.755868, -0.146501, -0.638123, -0.190278, 0.98173, -2.33199e-09, 0.626465, 0.121421, -0.769934, -42.6909, 1.39502, -22.3761 )

[node name="tree_jungle_42" parent="trees" instance=ExtResource( 4 )]
transform = Transform( -0.714042, -0.138395, 0.686288, -0.190278, 0.98173, -2.33199e-09, -0.67375, -0.130585, -0.72733, -38.4422, 0.583197, -31.7972 )

[node name="tree_jungle_43" parent="trees" instance=ExtResource( 4 )]
transform = Transform( -0.714042, -0.138395, 0.686288, -0.190278, 0.98173, -2.33199e-09, -0.67375, -0.130585, -0.72733, -25.1321, -0.101095, -63.0382 )

[node name="tree_jungle_46" parent="trees" instance=ExtResource( 4 )]
transform = Transform( -0.714042, -0.138395, 0.686288, -0.190278, 0.98173, -2.33199e-09, -0.67375, -0.130585, -0.72733, -34.7443, -1.11969, 14.4682 )

[node name="tree_jungle_48" parent="trees" instance=ExtResource( 4 )]
transform = Transform( -0.714042, -0.138395, 0.686288, -0.190278, 0.98173, -2.33199e-09, -0.67375, -0.130585, -0.72733, -33.6305, -1.81838, -17.5586 )

[node name="tree_jungle_47" parent="trees" instance=ExtResource( 4 )]
transform = Transform( 0.946577, 0.183465, 0.265203, -0.190278, 0.98173, -2.33199e-09, -0.260358, -0.0504623, 0.964193, -30.4356, -1.11969, 22.4607 )

[node name="tree_jungle_44" parent="trees" instance=ExtResource( 4 )]
transform = Transform( 0.713076, 0.138208, 0.687328, -0.190278, 0.98173, -2.33199e-09, -0.674771, -0.130783, 0.726347, -14.7868, -1.45712, -78.9577 )

[node name="tree_jungle_45" parent="trees" instance=ExtResource( 4 )]
transform = Transform( 0.713076, 0.138208, 0.687328, -0.190278, 0.98173, -2.33199e-09, -0.674771, -0.130783, 0.726347, -19.7942, -1.45712, -85.8856 )

[node name="tree_jungle_7" parent="trees" instance=ExtResource( 4 )]
transform = Transform( 0.997118, 0, 0.0758663, 0, 1, 0, -0.0758663, 0, 0.997118, 89.1815, 8.8921, -30.2315 )

[node name="tree_jungle_8" parent="trees" instance=ExtResource( 4 )]
transform = Transform( 0.410846, 0, 0.911705, 0, 1, 0, -0.911705, 0, 0.410846, 94.7725, 9.91456, -4.17392 )

[node name="tree_jungle_10" parent="trees" instance=ExtResource( 4 )]
transform = Transform( -0.787462, 0, 0.616363, 0, 1, 0, -0.616363, 0, -0.787462, 83.8516, 3.65372, 62.2377 )

[node name="tree_jungle_22" parent="trees" instance=ExtResource( 4 )]
transform = Transform( -0.787462, 0, 0.616363, 0, 1, 0, -0.616363, 0, -0.787462, 83.8516, -0.310122, 130.461 )

[node name="tree_jungle_23" parent="trees" instance=ExtResource( 4 )]
transform = Transform( 0.384972, 0, 0.922928, 0, 1, 0, -0.922928, 0, 0.384972, 95.3618, -1.13482, 139.782 )

[node name="tree_jungle_24" parent="trees" instance=ExtResource( 4 )]
transform = Transform( 0.97128, 0, -0.23794, 0, 1, 0, 0.23794, 0, 0.97128, 104.64, -1.62437, 122.026 )

[node name="tree_jungle_25" parent="trees" instance=ExtResource( 4 )]
transform = Transform( 0.97128, 0, -0.23794, 0, 1, 0, 0.23794, 0, 0.97128, 141.013, 3.65813, 78.9543 )

[node name="tree_jungle_26" parent="trees" instance=ExtResource( 4 )]
transform = Transform( -0.118681, 0, -0.992932, 0, 1, 0, 0.992932, 0, -0.118681, 141.013, 1.17443, 61.7347 )

[node name="tree_jungle_33" parent="trees" instance=ExtResource( 4 )]
transform = Transform( -0.937032, 0, -0.349243, 0, 1, 0, 0.349243, 0, -0.937032, 158.362, -0.0363774, 38.0603 )

[node name="tree_jungle_27" parent="trees" instance=ExtResource( 4 )]
transform = Transform( -0.986754, 0, -0.162224, 0, 1, 0, 0.162224, 0, -0.986754, 179.275, 1.17443, 61.7347 )

[node name="tree_jungle_28" parent="trees" instance=ExtResource( 4 )]
transform = Transform( -0.624957, 0, 0.780659, 0, 1, 0, -0.780659, 0, -0.624957, 187.756, -0.805655, 61.7347 )

[node name="tree_jungle_30" parent="trees" instance=ExtResource( 4 )]
transform = Transform( -0.872828, 0, -0.488027, 0, 1, 0, 0.488027, 0, -0.872828, 163.071, -0.805655, 119.623 )

[node name="tree_jungle_31" parent="trees" instance=ExtResource( 4 )]
transform = Transform( 0.435561, 0, -0.900159, 0, 1, 0, 0.900159, 0, 0.435561, 163.071, -0.805655, 109.054 )

[node name="tree_jungle_32" parent="trees" instance=ExtResource( 4 )]
transform = Transform( 0.435561, 0, -0.900159, 0, 1, 0, 0.900159, 0, 0.435561, 177.729, -0.805655, 94.3171 )

[node name="tree_jungle_62" parent="trees" instance=ExtResource( 4 )]
transform = Transform( 0.435561, 0, -0.900159, 0, 1, 0, 0.900159, 0, 0.435561, 229.923, 1.27643, 94.3171 )

[node name="tree_jungle_63" parent="trees" instance=ExtResource( 4 )]
transform = Transform( 0.601745, 0, 0.798688, 0, 1, 0, -0.798688, 0, 0.601745, 244.368, 1.27643, 80.3064 )

[node name="tree_jungle_64" parent="trees" instance=ExtResource( 4 )]
transform = Transform( -0.999772, 0, -0.0213439, 0, 1, 0, 0.0213439, 0, -0.999772, 244.368, 0.63465, 70.0035 )

[node name="tree_jungle_13" parent="trees" instance=ExtResource( 4 )]
transform = Transform( -0.242877, -0.041702, 0.96916, -0.0653554, 0.997509, 0.0265434, -0.967853, -0.0568931, -0.244997, 59.5308, 3.65372, 62.5165 )

[node name="tree_jungle_14" parent="trees" instance=ExtResource( 4 )]
transform = Transform( -0.2586, 0, -0.965984, 0, 1, 0, 0.965984, 0, -0.2586, 47.0959, 3.65372, 45.5518 )

[node name="tree_jungle_11" parent="trees" instance=ExtResource( 4 )]
transform = Transform( 0.122112, 0, 0.992516, 0, 1, 0, -0.992516, 0, 0.122112, 86.4017, 4.86896, 49.569 )

[node name="pine_tree" parent="trees" instance=ExtResource( 6 )]
transform = Transform( 1, 0, 0, 0, 1, 0, 0, 0, 1, 17.666, 0, -112.614 )

[node name="pine_tree_5" parent="trees" instance=ExtResource( 6 )]
transform = Transform( 1, 0, 0, 0, 1, 0, 0, 0, 1, 17.666, 0, -320.391 )

[node name="pine_tree_13" parent="trees" instance=ExtResource( 6 )]
transform = Transform( 1, 0, 0, 0, 1, 0, 0, 0, 1, -89.8342, 2.54823, -156.891 )

[node name="pine_tree_14" parent="trees" instance=ExtResource( 6 )]
transform = Transform( 0.40142, 0, 0.915894, 0, 1, 0, -0.915894, 0, 0.40142, -100.823, 2.01817, -156.891 )

[node name="pine_tree_15" parent="trees" instance=ExtResource( 6 )]
transform = Transform( 0.40142, 0, 0.915894, 0, 1, 0, -0.915894, 0, 0.40142, -125.506, 2.01817, -156.891 )

[node name="pine_tree_17" parent="trees" instance=ExtResource( 6 )]
transform = Transform( 0.40142, 0, 0.915894, 0, 1, 0, -0.915894, 0, 0.40142, -216.842, 0.54515, -195.64 )

[node name="pine_tree_18" parent="trees" instance=ExtResource( 6 )]
transform = Transform( -0.342529, 0, 0.939507, 0, 1, 0, -0.939507, 0, -0.342529, -216.842, 0.54515, -204.785 )

[node name="pine_tree_19" parent="trees" instance=ExtResource( 6 )]
transform = Transform( -0.342529, 0, 0.939507, 0, 1, 0, -0.939507, 0, -0.342529, -216.842, 0.54515, -220.261 )

[node name="pine_tree_20" parent="trees" instance=ExtResource( 6 )]
transform = Transform( -0.758601, 0, 0.651556, 0, 1, 0, -0.651556, 0, -0.758601, -216.842, 0.54515, -227.633 )

[node name="pine_tree_21" parent="trees" instance=ExtResource( 6 )]
transform = Transform( 0.18354, 0, 0.983012, 0, 1, 0, -0.983012, 0, 0.18354, -216.842, 0.54515, -242.41 )

[node name="pine_tree_22" parent="trees" instance=ExtResource( 6 )]
transform = Transform( 0.18354, 0, 0.983012, 0, 1, 0, -0.983012, 0, 0.18354, -216.842, 1.65761, -261.615 )

[node name="pine_tree_16" parent="trees" instance=ExtResource( 6 )]
transform = Transform( -0.0636789, 0, 0.99797, 0, 1, 0, -0.99797, 0, -0.0636789, -119.03, 2.01817, -156.891 )

[node name="pine_tree_6" parent="trees" instance=ExtResource( 6 )]
transform = Transform( 0.798394, 0, -0.602136, 0, 1, 0, 0.602136, 0, 0.798394, 25.9869, 0, -320.391 )

[node name="pine_tree_7" parent="trees" instance=ExtResource( 6 )]
transform = Transform( 0.521546, 0, -0.853223, 0, 1, 0, 0.853223, 0, 0.521546, 34.8492, 0, -320.391 )

[node name="pine_tree_8" parent="trees" instance=ExtResource( 6 )]
transform = Transform( 0.521546, 0, -0.853223, 0, 1, 0, 0.853223, 0, 0.521546, 53.5642, 0, -320.391 )

[node name="pine_tree_9" parent="trees" instance=ExtResource( 6 )]
transform = Transform( 0.978495, 0, -0.206272, 0, 1, 0, 0.206272, 0, 0.978495, 74.068, 0, -320.391 )

[node name="pine_tree_10" parent="trees" instance=ExtResource( 6 )]
transform = Transform( 0.978495, 0, -0.206272, 0, 1, 0, 0.206272, 0, 0.978495, 88.1576, 0, -320.391 )

[node name="pine_tree_11" parent="trees" instance=ExtResource( 6 )]
transform = Transform( 0.978495, 0, -0.206272, 0, 1, 0, 0.206272, 0, 0.978495, 157.71, 0, -320.391 )

[node name="pine_tree_12" parent="trees" instance=ExtResource( 6 )]
transform = Transform( 0.852686, 0, -0.522424, 0, 1, 0, 0.522424, 0, 0.852686, 177.717, 0, -320.391 )

[node name="pine_tree_2" parent="trees" instance=ExtResource( 6 )]
transform = Transform( 0.462631, 0, -0.886551, 0, 1, 0, 0.886551, 0, 0.462631, 19.5212, 0, -131.636 )

[node name="pine_tree_3" parent="trees" instance=ExtResource( 6 )]
transform = Transform( 0.00481704, 0, -0.999988, 0, 1, 0, 0.999988, 0, 0.00481704, 19.5212, -0.494349, -145.385 )

[node name="pine_tree_4" parent="trees" instance=ExtResource( 6 )]
transform = Transform( 0.00481704, 0, -0.999988, 0, 1, 0, 0.999988, 0, 0.00481704, 20.1707, -0.40182, -164.979 )

[node name="checkpoints" type="Spatial" parent="."]
transform = Transform( 1, 0, 0, 0, 1, 0, 0, 0, 1, 0, -50, 0 )

[node name="checkpoint_1" parent="checkpoints" instance=ExtResource( 1 )]
transform = Transform( 0.980871, 0, -0.194663, 0, 1, 0, 0.194663, 0, 0.980871, 37.2194, 53.2753, -170.771 )

[node name="checkpoint_2" parent="checkpoints" instance=ExtResource( 1 )]
transform = Transform( 0.0794507, 0, -0.996839, 0, 1, 0, 0.996839, 0, 0.0794507, 124.165, 53.2753, -78.5868 )

[node name="checkpoint_3" parent="checkpoints" instance=ExtResource( 1 )]
transform = Transform( 0.0130549, 0, 0.999915, 0, 1, 0, -0.999915, 0, 0.0130549, 138.991, 53.2753, -294.378 )

[node name="checkpoint_4" parent="checkpoints" instance=ExtResource( 1 )]
transform = Transform( 0.0130549, 0, 0.999915, 0, 1, 0, -0.999915, 0, 0.0130549, -151.945, 53.2753, -174.773 )

[node name="checkpoint_5" parent="checkpoints" instance=ExtResource( 1 )]
transform = Transform( 0.0130549, 0, 0.999915, 0, 1, 0, -0.999915, 0, 0.0130549, -130.365, 53.2753, 42.3981 )

[node name="checkpoint_6" parent="checkpoints" instance=ExtResource( 1 )]
transform = Transform( -0.779141, 0, 0.626849, 0, 1, 0, -0.626849, 0, -0.779141, 120.199, 52.2428, 35.9315 )

[node name="boost_pads" type="Spatial" parent="."]

[node name="boost_pad_2" parent="boost_pads" instance=ExtResource( 17 )]
transform = Transform( 0.979646, 0, 0.200736, 0, 1, 0, -0.200736, 0, 0.979646, 11.0581, 0.32334, 76.6963 )

[node name="boost_pad_14" parent="boost_pads" instance=ExtResource( 17 )]
transform = Transform( 0.946469, 0, 0.322795, 0, 1, 0, -0.322795, 0, 0.946469, 212.92, 0.32334, 65.4467 )

[node name="boost_pad_3" parent="boost_pads" instance=ExtResource( 17 )]
transform = Transform( 0.949847, 0, -0.312716, 0, 1, 0, 0.312716, 0, 0.949847, 197.439, 0.32334, -178.46 )

[node name="boost_pad_10" parent="boost_pads" instance=ExtResource( 17 )]
transform = Transform( 0.523079, 0, 0.852285, 0, 1, 0, -0.852285, 0, 0.523079, 217.056, 0.32334, -266.818 )

[node name="boost_pad_11" parent="boost_pads" instance=ExtResource( 17 )]
transform = Transform( -0.801891, 0, 0.597471, 0, 1, 0, -0.597471, 0, -0.801891, -155.066, 0.32334, -266.818 )

[node name="boost_pad_12" parent="boost_pads" instance=ExtResource( 17 )]
transform = Transform( -0.957541, 0, -0.288297, 0, 1, 0, 0.288297, 0, -0.957541, -85.1562, 0.32334, 78.3575 )

[node name="boost_pad_4" parent="boost_pads" instance=ExtResource( 17 )]
transform = Transform( -0.0105766, 0, 0.999944, 0, 1, 0, -0.999944, 0, -0.0105766, 31.2331, 0.32334, -302.823 )

[node name="boost_pad_15" parent="boost_pads" instance=ExtResource( 17 )]
transform = Transform( -0.0105766, 0, 0.999944, 0, 1, 0, -0.999944, 0, -0.0105766, 104.265, 0.32334, -296.088 )

[node name="boost_pad_6" parent="boost_pads" instance=ExtResource( 17 )]
transform = Transform( -0.0105766, 0, 0.999944, 0, 1, 0, -0.999944, 0, -0.0105766, 31.1368, 0.32334, -287.767 )

[node name="boost_pad_7" parent="boost_pads" instance=ExtResource( 17 )]
transform = Transform( -0.652059, 0, 0.758169, 0, 1, 0, -0.758169, 0, -0.652059, -35.5985, 0.32334, -132.636 )

[node name="boost_pad_8" parent="boost_pads" instance=ExtResource( 17 )]
transform = Transform( -0.652059, 0, 0.758169, 0, 1, 0, -0.758169, 0, -0.652059, -125.846, 0.32334, -52.6558 )

[node name="boost_pad_9" parent="boost_pads" instance=ExtResource( 17 )]
transform = Transform( -0.00759205, 0, -0.999971, 0, 1, 0, 0.999971, 0, -0.00759205, 44.3703, 0.32334, 156.195 )

[node name="pickups" parent="." instance=ExtResource( 9 )]
transform = Transform( 1, 0, 0, 0, 1, 0, 0, 0, 1, 0, -50, 0 )

[node name="pickup_1" parent="pickups" instance=ExtResource( 8 )]
transform = Transform( 1, 0, 0, 0, 1, 0, 0, 0, 1, 168.765, 50.1727, -130.936 )

[node name="pickup_2" parent="pickups" instance=ExtResource( 8 )]
transform = Transform( 1, 0, 0, 0, 1, 0, 0, 0, 1, 222.969, 50.1727, -215.45 )

[node name="pickup_3" parent="pickups" instance=ExtResource( 8 )]
transform = Transform( 1, 0, 0, 0, 1, 0, 0, 0, 1, 138.536, 50.1727, -303.999 )

[node name="pickup_4" parent="pickups" instance=ExtResource( 8 )]
transform = Transform( 1, 0, 0, 0, 1, 0, 0, 0, 1, 4.90559, 50.1727, -303.999 )

[node name="pickup_5" parent="pickups" instance=ExtResource( 8 )]
transform = Transform( 1, 0, 0, 0, 1, 0, 0, 0, 1, 4.90559, 50.1727, -289.973 )

[node name="pickup_6" parent="pickups" instance=ExtResource( 8 )]
transform = Transform( 1, 0, 0, 0, 1, 0, 0, 0, 1, -169.102, 50.1727, -252.612 )

[node name="pickup_7" parent="pickups" instance=ExtResource( 8 )]
transform = Transform( 1, 0, 0, 0, 1, 0, 0, 0, 1, -71.6715, 50.1727, -107.891 )

[node name="pickup_8" parent="pickups" instance=ExtResource( 8 )]
transform = Transform( 1, 0, 0, 0, 1, 0, 0, 0, 1, -161, 50.1727, -9.3627 )

[node name="pickup_9" parent="pickups" instance=ExtResource( 8 )]
transform = Transform( 1, 0, 0, 0, 1, 0, 0, 0, 1, -191.406, 50.1727, 35.6552 )

[node name="pickup_10" parent="pickups" instance=ExtResource( 8 )]
transform = Transform( 1, 0, 0, 0, 1, 0, 0, 0, 1, -24.1337, 50.1727, 153.88 )

[node name="pickup_11" parent="pickups" instance=ExtResource( 8 )]
transform = Transform( 1, 0, 0, 0, 1, 0, 0, 0, 1, 89.7617, 50.1727, 153.88 )

[node name="pickup_12" parent="pickups" instance=ExtResource( 8 )]
transform = Transform( 1, 0, 0, 0, 1, 0, 0, 0, 1, 178.562, 50.1727, 132.53 )

[node name="pickup_13" parent="pickups" instance=ExtResource( 8 )]
transform = Transform( 1, 0, 0, 0, 1, 0, 0, 0, 1, 178.562, 50.1727, 21.3721 )

[node name="pickup_14" parent="pickups" instance=ExtResource( 8 )]
transform = Transform( 1, 0, 0, 0, 1, 0, 0, 0, 1, 65.0464, 50.1727, 88.95 )

[node name="obstacles" type="Spatial" parent="."]
transform = Transform( 1, 0, 0, 0, 1, 0, 0, 0, 1, 0, -50, 0 )

[node name="arrows" type="Spatial" parent="obstacles"]
transform = Transform( 1, 0, 0, 0, 1, 0, 0, 0, 1, 0, 22.2714, 0 )

[node name="arrow_sign" parent="obstacles/arrows" instance=ExtResource( 14 )]
transform = Transform( 0.293406, 0, -0.955988, 0, 1, 0, 0.955988, 0, 0.293406, 3.65069, 28.133, -98.4054 )

[node name="arrow_sign_2" parent="obstacles/arrows" instance=ExtResource( 14 )]
transform = Transform( 0.994643, 0, -0.103366, 0, 1, 0, 0.103366, 0, 0.994643, 46.8439, 28.133, -111.662 )

[node name="arrow_sign_3" parent="obstacles/arrows" instance=ExtResource( 14 )]
transform = Transform( -0.125126, 0, -0.992141, 0, 1, 0, 0.992141, 0, -0.125126, 60.1081, 28.133, -239.297 )

[node name="arrow_sign_4" parent="obstacles/arrows" instance=ExtResource( 14 )]
transform = Transform( -0.868484, 0, -0.495716, 0, 1, 0, 0.495716, 0, -0.868484, 97.8698, 28.133, -215.975 )

[node name="arrow_sign_5" parent="obstacles/arrows" instance=ExtResource( 14 )]
transform = Transform( -0.410003, 0, -0.912084, 0, 1, 0, 0.912084, 0, -0.410003, 84.7642, 30.3231, -62.6567 )

[node name="arrow_sign_6" parent="obstacles/arrows" instance=ExtResource( 14 )]
transform = Transform( 0.526155, 0, 0.850389, 0, 1, 0, -0.850389, 0, 0.526155, 196.663, 28.4288, -310.787 )

[node name="arrow_sign_7" parent="obstacles/arrows" instance=ExtResource( 14 )]
transform = Transform( -0.999649, 0, -0.0264906, 0, 1, 0, 0.0264906, 0, -0.999649, -212.857, 28.4288, -253.834 )

[node name="arrow_sign_8" parent="obstacles/arrows" instance=ExtResource( 14 )]
transform = Transform( -0.865554, 0, -0.500816, 0, 1, 0, 0.500816, 0, -0.865554, -12.2185, 28.115, -180.478 )

[node name="arrow_sign_9" parent="obstacles/arrows" instance=ExtResource( 14 )]
transform = Transform( -0.307158, 0, -0.951658, 0, 1, 0, 0.951658, 0, -0.307158, -184.636, 28.5779, 54.6343 )

[node name="arrow_sign_10" parent="obstacles/arrows" instance=ExtResource( 14 )]
transform = Transform( -0.999035, 0, -0.0439153, 0, 1, 0, 0.0439153, 0, -0.999035, -58.1971, 28.0627, 31.0858 )

[node name="arrow_sign_11" parent="obstacles/arrows" instance=ExtResource( 14 )]
transform = Transform( -0.182236, 0, -0.983255, 0, 1, 0, 0.983255, 0, -0.182236, -52.1527, 28.6495, 168.59 )

[node name="arrow_sign_12" parent="obstacles/arrows" instance=ExtResource( 14 )]
transform = Transform( 0.860253, 0, -0.509868, 0, 1, 0, 0.509868, 0, 0.860253, 169.702, 30.0862, 157.558 )

[node name="arrow_sign_13" parent="obstacles/arrows" instance=ExtResource( 14 )]
transform = Transform( -0.106802, 0, 0.99428, 0, 1, 0, -0.99428, 0, -0.106802, 166.998, 29.4815, -17.6195 )

[node name="arrow_sign_14" parent="obstacles/arrows" instance=ExtResource( 14 )]
transform = Transform( -0.106802, 0, 0.99428, 0, 1, 0, -0.99428, 0, -0.106802, 59.7267, 28.8498, 132.681 )

[node name="barrels" type="Spatial" parent="obstacles"]
transform = Transform( 1, 0, 0, 0, 1, 0, 0, 0, 1, 0, -27.7286, 0 )

[node name="barrel_10" parent="obstacles/barrels" instance=ExtResource( 10 )]
transform = Transform( 1, 0, 0, 0, 1, 0, 0, 0, 1, 167, 77.843, -103.243 )

[node name="barrel_11" parent="obstacles/barrels" instance=ExtResource( 10 )]
transform = Transform( 1, 0, 0, 0, 1, 0, 0, 0, 1, 167, 77.843, -298.844 )

[node name="barrel_12" parent="obstacles/barrels" instance=ExtResource( 10 )]
transform = Transform( 1, 0, 0, 0, 1, 0, 0, 0, 1, 55.2126, 77.843, -286.358 )

[node name="barrel_13" parent="obstacles/barrels" instance=ExtResource( 10 )]
transform = Transform( 1, 0, 0, 0, 1, 0, 0, 0, 1, -124.802, 77.843, -286.358 )

[node name="barrel_15" parent="obstacles/barrels" instance=ExtResource( 10 )]
transform = Transform( 1, 0, 0, 0, 1, 0, 0, 0, 1, -57.6861, 77.843, -195.123 )

[node name="barrel_17" parent="obstacles/barrels" instance=ExtResource( 10 )]
transform = Transform( 1, 0, 0, 0, 1, 0, 0, 0, 1, -96.0019, 77.843, -107.193 )

[node name="barrel_20" parent="obstacles/barrels" instance=ExtResource( 10 )]
transform = Transform( 1, 0, 0, 0, 1, 0, 0, 0, 1, -70.7795, 77.843, 54.7874 )

[node name="barrel_21" parent="obstacles/barrels" instance=ExtResource( 10 )]
transform = Transform( 1, 0, 0, 0, 1, 0, 0, 0, 1, -70.7795, 77.843, 67.7384 )

[node name="barrel_22" parent="obstacles/barrels" instance=ExtResource( 10 )]
transform = Transform( 1, 0, 0, 0, 1, 0, 0, 0, 1, -70.7795, 77.843, 67.7384 )

[node name="barrel_23" parent="obstacles/barrels" instance=ExtResource( 10 )]
transform = Transform( 1, 0, 0, 0, 1, 0, 0, 0, 1, 20.9583, 77.843, 67.7384 )

[node name="barrel_24" parent="obstacles/barrels" instance=ExtResource( 10 )]
transform = Transform( 1, 0, 0, 0, 1, 0, 0, 0, 1, 20.9583, 77.843, 105.364 )

[node name="barrel_25" parent="obstacles/barrels" instance=ExtResource( 10 )]
transform = Transform( 1, 0, 0, 0, 1, 0, 0, 0, 1, 96.9183, 77.843, 105.364 )

[node name="huts" type="Spatial" parent="obstacles"]

[node name="hut_jungle" parent="obstacles/huts" instance=ExtResource( 16 )]
transform = Transform( 0.14804, -0.0426044, 0.988063, 0.112562, 0.993305, 0.0259655, -0.982555, 0.107375, 0.151844, -39.6122, 52.7913, -37.9084 )

[node name="hut_jungle_6" parent="obstacles/huts" instance=ExtResource( 16 )]
transform = Transform( -0.497318, 0.228106, 0.837044, 0.212174, 0.967496, -0.137595, -0.841224, 0.109171, -0.529551, -31.9793, 50.7147, -56.0491 )

[node name="hut_jungle_2" parent="obstacles/huts" instance=ExtResource( 16 )]
transform = Transform( -0.981398, 0.115227, -0.153559, 0.112562, 0.993305, 0.0259655, 0.155522, 0.00819745, -0.987798, -37.6799, 52.7081, -24.0861 )

[node name="hut_jungle_3" parent="obstacles/huts" instance=ExtResource( 16 )]
transform = Transform( 0.661867, -0.0554619, -0.747566, 0.112562, 0.993305, 0.0259655, 0.741122, -0.101334, 0.663679, -46.7864, 54.1761, -2.34498 )

[node name="hut_jungle_4" parent="obstacles/huts" instance=ExtResource( 16 )]
transform = Transform( -0.739653, 0.10121, -0.665334, 0.112562, 0.993305, 0.0259655, 0.663508, -0.0556864, -0.746093, -37.6799, 52.7081, -8.17597 )

[node name="hut_jungle_5" parent="obstacles/huts" instance=ExtResource( 16 )]
transform = Transform( 0.573389, -0.0435911, -0.818122, 0.112562, 0.993305, 0.0259655, 0.811514, -0.106978, 0.574457, -36.0279, 51.3238, 1.47107 )

[node name="hut_jungle_8" parent="obstacles/huts" instance=ExtResource( 16 )]
transform = Transform( -0.705855, 0.284025, -0.648922, 0.248045, 0.957198, 0.149146, 0.663508, -0.0556864, -0.746093, -40.7515, 51.769, 12.4409 )

[node name="fances" type="Spatial" parent="obstacles"]

[node name="fance_wood" parent="obstacles/fances" instance=ExtResource( 19 )]
transform = Transform( -0.0817122, 0, 0.996656, 0, 1, 0, -0.996656, 0, -0.0817122, -28.8256, 50.5183, 1.2815 )

[node name="fance_wood_2" parent="obstacles/fances" instance=ExtResource( 19 )]
transform = Transform( -0.0705054, 0, -0.997512, 0, 1, 0, 0.997512, 0, -0.0705054, -29.8954, 50.6702, -4.73947 )

[node name="fance_wood_3" parent="obstacles/fances" instance=ExtResource( 19 )]
transform = Transform( -0.0705054, 0, -0.997512, 0, 1, 0, 0.997512, 0, -0.0705054, -29.9358, 50.7268, -17.589 )

[node name="fance_wood_4" parent="obstacles/fances" instance=ExtResource( 19 )]
transform = Transform( -0.0705054, 0, -0.997512, 0, 1, 0, 0.997512, 0, -0.0705054, -29.9358, 50.7268, -34.9776 )

[node name="fance_wood_6" parent="obstacles/fances" instance=ExtResource( 19 )]
transform = Transform( -0.745918, 0, -0.666038, 0, 1, 0, 0.666038, 0, -0.745918, -52.851, 50.2933, -150.647 )

[node name="fance_wood_7" parent="obstacles/fances" instance=ExtResource( 19 )]
transform = Transform( -0.398093, 0, -0.917346, 0, 1, 0, 0.917346, 0, -0.398093, -47.203, 50.4022, -156.823 )

[node name="fance_wood_8" parent="obstacles/fances" instance=ExtResource( 19 )]
transform = Transform( 0.00729538, 0, -0.999974, 0, 1, 0, 0.999974, 0, 0.00729538, -44.8606, 50.4022, -166.861 )

[node name="fance_wood_9" parent="obstacles/fances" instance=ExtResource( 19 )]
transform = Transform( 0.00729538, 0, -0.999974, 0, 1, 0, 0.999974, 0, 0.00729538, -4.24423, 50.1379, -167.158 )

[node name="fance_wood_10" parent="obstacles/fances" instance=ExtResource( 19 )]
transform = Transform( 0.00729538, 0, -0.999974, 0, 1, 0, 0.999974, 0, 0.00729538, -4.2089, 50.1379, -162.315 )

[node name="fance_wood_11" parent="obstacles/fances" instance=ExtResource( 19 )]
transform = Transform( 0.00729538, 0, -0.999974, 0, 1, 0, 0.999974, 0, 0.00729538, -4.1723, 50.1379, -157.299 )

